usec,rovCtdDtg,rovCtdDtgFlag,vehicle,depth,depthFlag,temper,temperFlag,salin,salinFlag,oxyg,oxygFlag,light,lightFlag,sound,soundFlag,sigmatheta,sigmathetaFlag,lat,latFlag,lon,lonFlag
1194458835,11/07/2007 18:07:15,2,vnta,2.78,2,15.299,2,33.132,2,4.24,2,85.25,2,1505.48,2,24.4679,2,36.745953,2,-122.051688,2
1194458850,11/07/2007 18:07:30,2,vnta,3.47,2,15.3,2,33.133,2,4.45,2,85.28,2,1505.496,2,24.4685,2,36.745953,2,-122.051688,2
1194458865,11/07/2007 18:07:45,2,vnta,8.64,2,15.298,2,33.134,2,4.58,2,85.44,2,1505.577,2,24.4698,2,36.745953,2,-122.051688,2
1194458880,11/07/2007 18:08:00,2,vnta,15.29,2,15.295,2,33.134,2,4.04,2,85.65,0,1505.679,2,24.4707,2,36.745953,2,-122.051688,2
1194458895,11/07/2007 18:08:15,2,vnta,21.84,2,15.003,2,33.155,2,4.17,2,86.21,2,1504.888,2,24.5507,2,36.745953,2,-122.051688,2
1194458910,11/07/2007 18:08:30,2,vnta,28.19,2,14.233,2,33.209,2,4.2,2,86.8,2,1502.587,2,24.7563,2,36.745953,2,-122.051688,2
1194458925,11/07/2007 18:08:45,2,vnta,34.15,2,13.906,2,33.233,2,3.8,2,87.24,2,1501.651,2,24.8429,2,36.745953,2,-122.051688,2
1194458940,11/07/2007 18:09:00,2,vnta,40.3,2,13.672,2,33.241,2,4.42,0,87.35,2,1500.996,2,24.8973,2,36.72931586,2,-122.11420686,2
1194458955,11/07/2007 18:09:15,2,vnta,46.65,2,13.514,2,33.248,2,4.21,0,87.63,2,1500.59,2,24.935,2,36.710302,2,-122.185657,2
1194458970,11/07/2007 18:09:30,2,vnta,52.8,2,13.107,2,33.253,2,3.9,2,87.87,2,1499.348,2,25.0206,2,36.71036173,2,-122.185622,2
1194458985,11/07/2007 18:09:45,2,vnta,58.86,2,12.94,2,33.271,2,4.1,2,88.08,2,1498.912,2,25.0677,2,36.7104464,2,-122.18554226,2
1194459000,11/07/2007 18:10:00,2,vnta,65.01,2,12.46,2,33.275,2,4.07,2,88.15,2,1497.403,2,25.1643,2,36.71041266,2,-122.1854734,2
1194459015,11/07/2007 18:10:15,2,vnta,70.97,2,12.111,2,33.389,2,3.6,2,88.33,2,1496.449,2,25.3194,2,36.71043307,2,-122.18542842,2
1194459030,11/07/2007 18:10:30,2,vnta,76.82,2,11.697,2,33.432,2,3.63,2,88.59,0,1495.176,2,25.4303,2,36.71047433,2,-122.18535713,2
1194459045,11/07/2007 18:10:45,2,vnta,82.77,2,11.075,2,33.347,2,3.73,2,88.71,2,1493.007,2,25.4773,2,36.7104812,2,-122.18530493,2
1194459060,11/07/2007 18:11:00,2,vnta,88.93,2,10.614,2,33.439,2,3.87,0,88.85,2,1491.593,2,25.6303,2,36.71045853,2,-122.18524133,2
1194459075,11/07/2007 18:11:15,2,vnta,95.28,2,10.403,2,33.464,2,3.61,2,88.95,2,1490.977,2,25.6865,2,36.710542,2,-122.185247,2
1194459090,11/07/2007 18:11:30,2,vnta,101.53,2,10.188,2,33.486,2,3.16,2,89.05,2,1490.338,2,25.7405,2,36.71056726,2,-122.1852258,2
1194459105,11/07/2007 18:11:45,2,vnta,107.68,2,10.03,2,33.539,2,3.12,2,89.07,2,1489.937,2,25.8086,2,36.71057753,2,-122.18522946,2
1194459120,11/07/2007 18:12:00,2,vnta,113.63,2,9.856,2,33.57,2,3.28,2,89.13,2,1489.446,2,25.8621,2,36.71061892,2,-122.18516807,2
1194459135,11/07/2007 18:12:15,2,vnta,119.58,2,9.585,2,33.62,2,3.02,2,89.18,2,1488.622,2,25.946,2,36.7106132,2,-122.1851298,2
1194459150,11/07/2007 18:12:30,2,vnta,125.74,2,9.401,2,33.66,2,2.76,2,89.19,2,1488.101,2,26.0073,2,36.7106986,2,-122.1851138,2
1194459165,11/07/2007 18:12:45,2,vnta,131.99,2,9.221,2,33.685,2,2.79,2,89.21,2,1487.576,2,26.0559,2,36.710715,2,-122.185117,2
1194459180,11/07/2007 18:13:00,2,vnta,138.24,2,9.092,2,33.708,2,3.15,2,89.24,2,1487.233,2,26.0946,2,36.71066833,2,-122.18506033,2
1194459195,11/07/2007 18:13:15,2,vnta,144.68,2,9.002,2,33.724,2,2.9,2,89.27,2,1487.028,2,26.1215,2,36.71065833,2,-122.18502733,2
1194459210,11/07/2007 18:13:30,2,vnta,150.83,2,8.826,2,33.79,2,2.75,2,89.25,2,1486.559,2,26.2009,2,36.71068007,2,-122.18504814,2
1194459225,11/07/2007 18:13:45,2,vnta,156.88,2,8.767,2,33.819,2,2.63,2,89.27,2,1486.476,2,26.2329,2,36.71072,2,-122.1850724,2
1194459240,11/07/2007 18:14:00,2,vnta,163.23,2,8.758,2,33.864,2,2.51,2,89.34,2,1486.604,2,26.2696,2,36.71079753,2,-122.18498086,2
1194459255,11/07/2007 18:14:15,2,vnta,169.48,2,8.775,2,33.92,2,2.77,2,89.37,2,1486.839,2,26.311,2,36.71081266,2,-122.18497186,2
1194459270,11/07/2007 18:14:30,2,vnta,175.73,2,8.776,2,33.934,2,2.5,2,89.38,2,1486.964,2,26.3219,2,36.7108614,2,-122.18499466,2
1194459285,11/07/2007 18:14:45,2,vnta,181.98,2,8.751,2,33.957,2,2.41,2,89.4,2,1487.003,2,26.3439,2,36.71085133,2,-122.18489806,2
1194459300,11/07/2007 18:15:00,2,vnta,188.33,2,8.695,2,33.98,2,2.11,2,89.42,2,1486.929,2,26.3707,2,36.71086993,2,-122.18490066,2
1194459315,11/07/2007 18:15:15,2,vnta,194.67,2,8.641,2,33.994,2,2.08,2,89.44,2,1486.85,2,26.3902,2,36.71088435,2,-122.18485685,2
1194459330,11/07/2007 18:15:30,2,vnta,201.02,2,8.572,2,34.021,2,1.96,2,89.44,2,1486.732,2,26.4221,2,36.7108992,2,-122.18481906,2
1194459345,11/07/2007 18:15:45,2,vnta,206.18,2,8.519,2,34.038,2,2.15,2,89.44,2,1486.64,2,26.4436,2,36.7109094,2,-122.1847958,2
1194459360,11/07/2007 18:16:00,2,vnta,208.36,2,8.487,2,34.051,2,2.08,2,89.46,2,1486.573,2,26.4587,2,36.71091826,2,-122.18478006,2
1194459375,11/07/2007 18:16:15,2,vnta,209.35,2,8.482,2,34.053,2,1.97,2,89.46,2,1486.573,2,26.4611,2,36.71092793,2,-122.18477186,2
1194459390,11/07/2007 18:16:30,2,vnta,209.95,2,8.473,2,34.059,2,1.91,2,89.45,2,1486.557,2,26.4672,2,36.71093326,2,-122.18475593,2
1194459405,11/07/2007 18:16:45,2,vnta,210.05,2,8.47,2,34.062,2,1.87,2,89.46,0,1486.551,2,26.47,2,36.71093793,2,-122.18473066,2
1194459420,11/07/2007 18:17:00,2,vnta,209.85,2,8.467,2,34.063,2,1.82,2,89.45,2,1486.538,2,26.4712,2,36.7109725,2,-122.18478157,2
1194459435,11/07/2007 18:17:15,2,vnta,209.45,2,8.464,2,34.063,2,1.79,2,89.44,2,1486.52,2,26.4717,2,36.71095766,2,-122.18473446,2
1194459450,11/07/2007 18:17:30,2,vnta,208.76,2,8.461,2,34.065,2,1.77,2,89.46,2,1486.5,2,26.4737,2,36.7109784,2,-122.1846574,2
1194459465,11/07/2007 18:17:45,2,vnta,207.86,2,8.467,2,34.06,2,1.75,2,89.47,2,1486.501,2,26.4688,2,36.71098533,2,-122.1846372,2
1194459480,11/07/2007 18:18:00,2,vnta,206.97,2,8.476,2,34.054,2,1.74,2,89.45,2,1486.512,2,26.4627,2,36.71097493,2,-122.18460873,2
1194459495,11/07/2007 18:18:15,2,vnta,205.98,2,8.476,2,34.055,2,1.74,2,89.47,2,1486.497,2,26.4635,2,36.71100886,2,-122.1846254,2
1194459510,11/07/2007 18:18:30,2,vnta,205.09,2,8.476,2,34.054,2,1.73,2,89.48,2,1486.481,2,26.4627,2,36.71101057,2,-122.18462285,2
1194459525,11/07/2007 18:18:45,2,vnta,204.19,2,8.477,2,34.053,2,1.72,2,89.47,2,1486.469,2,26.4618,2,36.71108406,2,-122.18457173,2
1194459540,11/07/2007 18:19:00,2,vnta,203.2,2,8.48,2,34.052,2,1.73,2,89.47,2,1486.462,2,26.4605,2,36.71103126,2,-122.1845686,2
1194459555,11/07/2007 18:19:15,2,vnta,202.31,2,8.485,2,34.048,2,1.73,2,89.43,0,1486.461,2,26.4566,2,36.71102226,2,-122.1845566,2
1194459570,11/07/2007 18:19:30,2,vnta,201.42,2,8.492,2,34.042,2,1.68,2,89.47,2,1486.465,2,26.4508,2,36.71096753,2,-122.18457766,2
1194459585,11/07/2007 18:19:45,2,vnta,200.43,2,8.494,2,34.04,2,1.67,2,89.47,2,1486.454,2,26.4489,2,36.71099093,2,-122.18455826,2
1194459600,11/07/2007 18:20:00,2,vnta,199.43,2,8.494,2,34.04,2,1.65,2,89.45,2,1486.437,2,26.4489,2,36.71107206,2,-122.184523,2
1194459615,11/07/2007 18:20:15,2,vnta,198.54,2,8.495,2,34.039,2,1.69,2,89.47,2,1486.425,2,26.4479,2,36.71108392,2,-122.18442164,2
1194459630,11/07/2007 18:20:30,2,vnta,197.45,2,8.495,2,34.039,2,1.68,2,89.44,2,1486.407,2,26.4479,2,36.7110928,2,-122.18443726,2
1194459645,11/07/2007 18:20:45,2,vnta,196.36,2,8.497,2,34.037,2,1.61,2,89.47,2,1486.394,2,26.446,2,36.7110818,2,-122.18442873,2
1194459660,11/07/2007 18:21:00,2,vnta,195.27,2,8.506,2,34.032,2,1.52,2,89.47,2,1486.403,2,26.4407,2,36.7111214,2,-122.1843494,2
1194459675,11/07/2007 18:21:15,2,vnta,194.08,2,8.529,2,34.021,2,1.44,2,89.47,2,1486.456,2,26.4285,2,36.71112166,2,-122.18435713,2
1194459690,11/07/2007 18:21:30,2,vnta,192.89,2,8.551,2,34.017,2,1.4,2,89.45,0,1486.513,2,26.422,2,36.7111168,2,-122.1843726,2
1194459705,11/07/2007 18:21:45,2,vnta,191.8,2,8.553,2,34.021,2,1.45,2,89.47,2,1486.508,2,26.4248,2,36.71113264,2,-122.18438535,2
1194459720,11/07/2007 18:22:00,2,vnta,192.19,2,8.532,2,34.031,2,1.68,2,89.45,2,1486.448,2,26.4359,2,36.7111084,2,-122.18433353,2
1194459735,11/07/2007 18:22:15,2,vnta,197.05,2,8.511,2,34.037,2,1.78,2,89.45,2,1486.458,2,26.4439,2,36.71111846,2,-122.18433266,2
1194459750,11/07/2007 18:22:30,2,vnta,203.4,2,8.52,2,34.035,2,1.61,2,89.44,2,1486.594,2,26.4411,2,36.71116313,2,-122.18431266,2
1194459765,11/07/2007 18:22:45,2,vnta,209.85,2,8.513,2,34.038,2,1.67,2,89.46,2,1486.679,2,26.4446,2,36.711227,2,-122.184218,2
1194459780,11/07/2007 18:23:00,2,vnta,216.49,2,8.499,2,34.045,2,1.6,2,89.44,2,1486.745,2,26.4523,2,36.7111748,2,-122.1842396,2
1194459795,11/07/2007 18:23:15,2,vnta,222.94,2,8.475,2,34.058,2,1.56,2,89.45,2,1486.779,2,26.4663,2,36.71119214,2,-122.184218,2
1194459810,11/07/2007 18:23:30,2,vnta,229.28,2,8.45,2,34.065,2,1.57,2,89.45,2,1486.799,2,26.4757,2,36.71116673,2,-122.1841052,2
1194459825,11/07/2007 18:23:45,2,vnta,235.93,2,8.409,2,34.068,2,1.7,2,89.46,2,1486.759,2,26.4844,2,36.7112002,2,-122.18416673,2
1194459840,11/07/2007 18:24:00,2,vnta,242.47,2,8.344,2,34.082,2,1.56,2,89.46,2,1486.642,2,26.5053,2,36.7112412,2,-122.1841336,2
1194459855,11/07/2007 18:24:15,2,vnta,249.01,2,8.258,2,34.08,2,1.61,2,89.46,2,1486.425,2,26.5168,2,36.71128273,2,-122.18410246,2
1194459870,11/07/2007 18:24:30,2,vnta,255.46,2,8.197,2,34.081,2,1.56,2,89.48,2,1486.303,2,26.5269,2,36.71127286,2,-122.1840616,2
1194459885,11/07/2007 18:24:45,2,vnta,261.71,2,8.153,2,34.09,2,1.38,2,89.45,0,1486.252,2,26.5406,2,36.71121314,2,-122.18406242,2
1194459900,11/07/2007 18:25:00,2,vnta,268.05,2,8.13,2,34.093,2,1.49,2,89.48,2,1486.275,2,26.5465,2,36.71133406,2,-122.18409126,2
1194459915,11/07/2007 18:25:15,2,vnta,273.7,2,8.032,2,34.095,2,1.74,2,89.46,2,1486.001,2,26.5627,2,36.7115232,2,-122.1839926,2
1194459930,11/07/2007 18:25:30,2,vnta,281.14,2,7.937,2,34.111,2,1.56,2,89.53,2,1485.784,2,26.5894,2,36.71139726,2,-122.18395026,2
1194459945,11/07/2007 18:25:45,2,vnta,287.78,2,7.783,2,34.111,2,1.3,2,89.54,2,1485.31,2,26.612,2,36.7114108,2,-122.18394086,2
1194459960,11/07/2007 18:26:00,2,vnta,294.42,2,7.684,2,34.11,2,1.5,2,89.53,2,1485.041,2,26.6256,2,36.71144406,2,-122.18387386,2
1194459975,11/07/2007 18:26:15,2,vnta,300.86,2,7.587,2,34.112,2,1.38,2,89.56,2,1484.78,2,26.6412,2,36.71143666,2,-122.18386926,2
1194459990,11/07/2007 18:26:30,2,vnta,307.21,2,7.483,2,34.125,2,1.35,2,89.54,2,1484.504,2,26.6664,2,36.71145253,2,-122.18383746,2
1194460005,11/07/2007 18:26:45,2,vnta,313.45,2,7.49,2,34.151,2,1.43,2,89.54,2,1484.667,2,26.6859,2,36.7114882,2,-122.1840436,2
1194460020,11/07/2007 18:27:00,2,vnta,319.4,2,7.527,2,34.169,2,1.43,2,89.53,2,1484.93,2,26.6949,2,36.71147478,2,-122.1838015,2
1194460035,11/07/2007 18:27:15,2,vnta,325.35,2,7.558,2,34.189,2,1.42,2,89.49,2,1485.172,2,26.7063,2,36.71146786,2,-122.1837396,2
1194460050,11/07/2007 18:27:30,2,vnta,331.59,2,7.537,2,34.188,2,1.28,2,89.55,2,1485.194,2,26.7086,2,36.71147553,2,-122.1837282,2
1194460065,11/07/2007 18:27:45,2,vnta,337.73,2,7.447,2,34.197,2,1.04,2,89.54,2,1484.962,2,26.7286,2,36.71148546,2,-122.18374273,2
1194460080,11/07/2007 18:28:00,2,vnta,343.98,2,7.355,2,34.181,2,0.95,2,89.55,2,1484.693,2,26.729,2,36.71147546,2,-122.18363346,2
1194460095,11/07/2007 18:28:15,2,vnta,350.12,2,7.226,2,34.174,2,1.12,2,89.54,2,1484.289,2,26.7417,2,36.71156213,2,-122.1836152,2
1194460110,11/07/2007 18:28:30,2,vnta,356.76,2,7.056,2,34.183,2,1.02,2,89.56,2,1483.753,2,26.7723,2,36.71156933,2,-122.18357786,2
1194460125,11/07/2007 18:28:45,2,vnta,363.9,2,6.852,2,34.137,2,0.89,2,89.57,2,1483.022,2,26.764,2,36.711866,2,-122.18356828,2
1194460140,11/07/2007 18:29:00,2,vnta,370.44,2,6.837,2,34.148,2,0.99,2,89.56,2,1483.086,2,26.7747,2,36.7118506,2,-122.1835364,2
1194460155,11/07/2007 18:29:15,2,vnta,376.58,2,6.739,2,34.149,2,1.02,2,89.57,2,1482.807,2,26.7888,2,36.7116026,2,-122.18357506,2
1194460170,11/07/2007 18:29:30,2,vnta,382.62,2,6.67,2,34.144,2,0.95,2,89.57,2,1482.631,2,26.7941,2,36.71159073,2,-122.18370906,2
1194460185,11/07/2007 18:29:45,2,vnta,388.27,2,6.646,2,34.15,2,0.94,2,89.57,2,1482.638,2,26.8021,2,36.71168606,2,-122.18366566,2
1194460200,11/07/2007 18:30:00,2,vnta,394.22,2,6.618,2,34.161,2,0.91,2,89.56,2,1482.641,2,26.8145,2,36.7116954,2,-122.18359226,2
1194460215,11/07/2007 18:30:15,2,vnta,399.67,2,6.694,2,34.166,2,0.97,2,89.54,2,1483.036,2,26.8085,2,36.71172285,2,-122.18362357,2
1194460230,11/07/2007 18:30:30,2,vnta,405.41,2,6.711,2,34.195,2,0.91,2,89.55,2,1483.234,2,26.8291,2,36.71168186,2,-122.18360526,2
1194460245,11/07/2007 18:30:45,2,vnta,410.76,2,6.68,2,34.21,2,0.83,2,89.54,2,1483.221,2,26.8452,2,36.7116402,2,-122.18364333,2
1194460260,11/07/2007 18:31:00,2,vnta,415.02,2,6.668,2,34.214,2,0.78,2,89.54,2,1483.249,2,26.85,2,36.711731,2,-122.18357813,2
1194460275,11/07/2007 18:31:15,2,vnta,417.9,2,6.667,2,34.216,2,0.7,2,89.55,2,1483.296,2,26.8517,2,36.71151853,2,-122.1836674,2
1194460290,11/07/2007 18:31:30,2,vnta,422.75,2,6.652,2,34.218,2,0.67,2,89.54,2,1483.32,2,26.8554,2,36.711579,2,-122.18368966,2
1194460305,11/07/2007 18:31:45,2,vnta,428.69,2,6.653,2,34.218,2,0.63,2,89.54,2,1483.423,2,26.8553,2,36.71153313,2,-122.18370686,2
1194460320,11/07/2007 18:32:00,2,vnta,434.44,2,6.637,2,34.215,2,0.63,2,89.54,2,1483.452,2,26.8551,2,36.71163428,2,-122.18367257,2
1194460335,11/07/2007 18:32:15,2,vnta,440.28,2,6.613,2,34.224,2,0.61,2,89.55,2,1483.467,2,26.8655,2,36.7116338,2,-122.1836456,2
1194460350,11/07/2007 18:32:30,2,vnta,446.42,2,6.556,2,34.225,2,0.57,2,89.56,2,1483.346,2,26.8739,2,36.71168153,2,-122.18352106,2
1194460365,11/07/2007 18:32:45,2,vnta,452.47,2,6.522,2,34.233,2,0.66,2,89.54,2,1483.324,2,26.8847,2,36.71163666,2,-122.18360933,2
1194460380,11/07/2007 18:33:00,2,vnta,458.41,2,6.513,2,34.24,2,0.66,2,89.55,2,1483.396,2,26.8915,2,36.7116684,2,-122.18357,2
1194460395,11/07/2007 18:33:15,2,vnta,464.45,2,6.479,2,34.252,2,0.62,2,89.55,2,1483.378,2,26.9055,2,36.71168126,2,-122.1834916,2
1194460410,11/07/2007 18:33:30,2,vnta,470.69,2,6.452,2,34.253,2,0.57,2,89.55,2,1483.377,2,26.9099,2,36.71169186,2,-122.18347553,2
1194460425,11/07/2007 18:33:45,2,vnta,476.63,2,6.395,2,34.258,2,0.56,2,89.55,2,1483.257,2,26.9213,2,36.71169428,2,-122.1834585,2
1194460440,11/07/2007 18:34:00,2,vnta,482.68,2,6.343,2,34.254,2,0.55,2,89.56,2,1483.148,2,26.925,2,36.7117756,2,-122.18340793,2
1194460455,11/07/2007 18:34:15,2,vnta,488.82,2,6.27,2,34.26,2,0.51,2,89.56,2,1482.969,2,26.9392,2,36.71173926,2,-122.18329213,2
1194460470,11/07/2007 18:34:30,2,vnta,494.96,2,6.218,2,34.268,2,0.48,2,89.57,2,1482.876,2,26.9523,2,36.71168906,2,-122.18338533,2
1194460485,11/07/2007 18:34:45,2,vnta,501.19,2,6.2,2,34.275,2,0.47,2,89.55,2,1482.918,2,26.9602,2,36.71171386,2,-122.18335346,2
1194460500,11/07/2007 18:35:00,2,vnta,507.43,2,6.198,2,34.281,2,0.47,2,89.56,2,1483.021,2,26.9652,2,36.71174946,2,-122.18338133,2
1194460515,11/07/2007 18:35:15,2,vnta,513.37,2,6.172,2,34.281,2,0.45,2,89.55,2,1483.017,2,26.9686,2,36.71172671,2,-122.18329657,2
1194460530,11/07/2007 18:35:30,2,vnta,519.32,2,6.108,2,34.281,2,0.42,2,89.56,2,1482.862,2,26.9768,2,36.7117526,2,-122.18326926,2
1194460545,11/07/2007 18:35:45,2,vnta,525.36,2,6.048,2,34.276,2,0.42,2,89.55,2,1482.718,2,26.9805,2,36.71178226,2,-122.18325473,2
1194460560,11/07/2007 18:36:00,2,vnta,531.4,2,5.996,2,34.27,2,0.41,2,89.56,2,1482.604,2,26.9824,2,36.71175826,2,-122.18322073,2
1194460575,11/07/2007 18:36:15,2,vnta,537.63,2,5.925,2,34.262,2,0.45,2,89.55,2,1482.415,2,26.985,2,36.71177813,2,-122.18319693,2
1194460590,11/07/2007 18:36:30,2,vnta,543.77,2,5.809,2,34.274,2,0.43,2,89.55,2,1482.07,2,27.0089,2,36.7117614,2,-122.1831694,2
1194460605,11/07/2007 18:36:45,2,vnta,549.81,2,5.747,2,34.258,2,0.43,2,89.57,2,1481.902,2,27.0039,2,36.71177792,2,-122.18324878,2
1194460620,11/07/2007 18:37:00,2,vnta,555.65,2,5.572,2,34.251,2,0.41,2,89.56,2,1481.288,2,27.0197,2,36.71169006,2,-122.1834606,2
1194460635,11/07/2007 18:37:15,2,vnta,561.69,2,5.49,2,34.261,2,0.41,2,89.56,2,1481.071,2,27.0375,2,36.71185113,2,-122.18309253,2
1194460650,11/07/2007 18:37:30,2,vnta,567.83,2,5.422,2,34.255,2,0.44,2,89.55,2,1480.892,2,27.0409,2,36.711868,2,-122.18311313,2
1194460665,11/07/2007 18:37:45,2,vnta,573.97,2,5.363,2,34.255,2,0.41,2,89.52,2,1480.755,2,27.048,2,36.71191733,2,-122.18314633,2
1194460680,11/07/2007 18:38:00,2,vnta,579.91,2,5.322,2,34.26,2,0.4,2,89.44,2,1480.695,2,27.0568,2,36.71192906,2,-122.183017,2
1194460695,11/07/2007 18:38:15,2,vnta,586.04,2,5.284,2,34.271,2,0.38,2,89.44,2,1480.657,2,27.0701,2,36.71190913,2,-122.18306613,2
1194460710,11/07/2007 18:38:30,2,vnta,591.98,2,5.262,2,34.279,2,0.38,2,89.43,2,1480.677,2,27.079,2,36.71192507,2,-122.1829795,2
1194460725,11/07/2007 18:38:45,2,vnta,598.02,2,5.252,2,34.282,2,0.37,2,89.41,2,1480.741,2,27.0826,2,36.71187766,2,-122.18291273,2
1194460740,11/07/2007 18:39:00,2,vnta,604.26,2,5.236,2,34.287,2,0.41,2,89.38,2,1480.787,2,27.0885,2,36.711873,2,-122.18288246,2
1194460755,11/07/2007 18:39:15,2,vnta,610.49,2,5.218,2,34.294,2,0.36,2,89.36,2,1480.827,2,27.0962,2,36.71186286,2,-122.1828844,2
1194460770,11/07/2007 18:39:30,2,vnta,616.63,2,5.196,2,34.296,2,0.36,2,89.34,2,1480.842,2,27.1004,2,36.71189866,2,-122.18283366,2
1194460785,11/07/2007 18:39:45,2,vnta,622.86,2,5.164,2,34.301,2,0.35,2,89.26,2,1480.822,2,27.1082,2,36.71191433,2,-122.1828446,2
1194460800,11/07/2007 18:40:00,2,vnta,628.9,2,5.132,2,34.311,2,0.34,2,89.21,2,1480.806,2,27.1198,2,36.7119675,2,-122.18283421,2
1194460815,11/07/2007 18:40:15,2,vnta,634.94,2,5.108,2,34.315,2,0.33,2,89.11,2,1480.814,2,27.1258,2,36.7119618,2,-122.182835,2
1194460830,11/07/2007 18:40:30,2,vnta,641.07,2,5.085,2,34.323,2,0.32,2,89.06,2,1480.833,2,27.1349,2,36.71190113,2,-122.18279306,2
1194460845,11/07/2007 18:40:45,2,vnta,647.31,2,5.049,2,34.327,2,0.3,2,89.1,2,1480.795,2,27.1423,2,36.71183186,2,-122.1827688,2
1194460860,11/07/2007 18:41:00,2,vnta,653.54,2,5.012,2,34.334,2,0.28,2,89.13,2,1480.758,2,27.1521,2,36.7118624,2,-122.18272093,2
1194460875,11/07/2007 18:41:15,2,vnta,659.78,2,4.981,2,34.34,2,0.29,2,89.11,2,1480.743,2,27.1604,2,36.71186066,2,-122.18266726,2
1194460890,11/07/2007 18:41:30,2,vnta,665.91,2,4.964,2,34.343,2,0.32,2,89.09,2,1480.78,2,27.1648,2,36.71180966,2,-122.18266753,2
1194460905,11/07/2007 18:41:45,2,vnta,671.65,2,4.958,2,34.346,2,0.3,2,89.09,2,1480.855,2,27.1679,2,36.71177171,2,-122.18267492,2
1194460920,11/07/2007 18:42:00,2,vnta,677.49,2,4.956,2,34.346,2,0.3,2,89.08,2,1480.944,2,27.1682,2,36.71177653,2,-122.1826526,2
1194460935,11/07/2007 18:42:15,2,vnta,683.32,2,4.953,2,34.346,2,0.32,2,89.07,2,1481.029,2,27.1686,2,36.71179286,2,-122.1826348,2
1194460950,11/07/2007 18:42:30,2,vnta,689.06,2,4.95,2,34.346,2,0.28,2,89.07,2,1481.112,2,27.169,2,36.71179906,2,-122.18261713,2
1194460965,11/07/2007 18:42:45,2,vnta,694.7,2,4.932,2,34.35,2,0.27,2,89.07,2,1481.138,2,27.1743,2,36.7117684,2,-122.182637,2
1194460980,11/07/2007 18:43:00,2,vnta,700.34,2,4.916,2,34.351,2,0.28,2,89.09,2,1481.168,2,27.1769,2,36.71181233,2,-122.18260246,2
1194460995,11/07/2007 18:43:15,2,vnta,706.08,2,4.9,2,34.353,2,0.27,2,89.07,2,1481.201,2,27.1804,2,36.71181633,2,-122.18257593,2
1194461010,11/07/2007 18:43:30,2,vnta,711.72,2,4.876,2,34.359,2,0.27,2,89.04,2,1481.205,2,27.1879,2,36.71182157,2,-122.18255571,2
1194461025,11/07/2007 18:43:45,2,vnta,717.36,2,4.855,2,34.361,2,0.25,2,88.98,2,1481.215,2,27.1919,2,36.7118546,2,-122.18253273,2
1194461040,11/07/2007 18:44:00,2,vnta,723.1,2,4.829,2,34.365,2,0.26,2,88.93,2,1481.21,2,27.198,2,36.71186566,2,-122.18247653,2
1194461055,11/07/2007 18:44:15,2,vnta,728.73,2,4.81,2,34.366,2,0.26,2,88.86,2,1481.227,2,27.201,2,36.71189233,2,-122.18246426,2
1194461070,11/07/2007 18:44:30,2,vnta,734.37,2,4.749,2,34.37,2,0.27,2,88.86,2,1481.077,2,27.211,2,36.7118974,2,-122.18242533,2
1194461085,11/07/2007 18:44:45,2,vnta,739.81,2,4.721,2,34.376,2,0.26,2,88.83,2,1481.06,2,27.2189,2,36.7118866,2,-122.18240666,2
1194461100,11/07/2007 18:45:00,2,vnta,745.05,2,4.692,2,34.382,2,0.27,2,88.74,2,1481.036,2,27.2269,2,36.71191721,2,-122.1823885,2
1194461115,11/07/2007 18:45:15,2,vnta,750.2,2,4.625,2,34.393,2,0.26,2,88.69,2,1480.861,2,27.2431,2,36.71189906,2,-122.18237326,2
1194461130,11/07/2007 18:45:30,2,vnta,755.54,2,4.577,2,34.405,2,0.26,2,88.75,2,1480.768,2,27.2579,2,36.7118898,2,-122.1823638,2
1194461145,11/07/2007 18:45:45,2,vnta,760.98,2,4.553,2,34.405,2,0.25,2,88.75,2,1480.76,2,27.2605,2,36.71189946,2,-122.18235706,2
1194461160,11/07/2007 18:46:00,2,vnta,766.52,2,4.526,2,34.411,2,0.24,2,88.8,2,1480.749,2,27.2683,2,36.7118896,2,-122.18234733,2
1194461175,11/07/2007 18:46:15,2,vnta,772.15,2,4.522,2,34.41,2,0.26,2,88.9,2,1480.825,2,27.268,2,36.71188953,2,-122.182332,2
1194461190,11/07/2007 18:46:30,2,vnta,777.69,2,4.502,2,34.414,2,0.26,2,88.9,2,1480.84,2,27.2734,2,36.71188564,2,-122.18233657,2
1194461205,11/07/2007 18:46:45,2,vnta,783.13,2,4.475,2,34.417,2,0.27,2,88.9,2,1480.824,2,27.2787,2,36.71187513,2,-122.18232653,2
1194461220,11/07/2007 18:47:00,2,vnta,788.67,2,4.437,2,34.423,2,0.27,2,88.88,2,1480.767,2,27.2876,2,36.711864,2,-122.18230406,2
1194461235,11/07/2007 18:47:15,2,vnta,794.6,2,4.432,2,34.422,2,0.28,2,88.87,2,1480.844,2,27.2874,2,36.71186006,2,-122.18229993,2
1194461250,11/07/2007 18:47:30,2,vnta,800.54,2,4.422,2,34.425,2,0.28,2,88.85,2,1480.906,2,27.2909,2,36.7118628,2,-122.18229233,2
1194461265,11/07/2007 18:47:45,2,vnta,806.67,2,4.42,2,34.424,2,0.26,2,88.83,2,1480.998,2,27.2904,2,36.711861,2,-122.18227473,2
1194461280,11/07/2007 18:48:00,2,vnta,812.8,2,4.414,2,34.425,2,0.26,2,88.82,2,1481.077,2,27.2919,2,36.71184266,2,-122.18227313,2
1194461295,11/07/2007 18:48:15,2,vnta,818.73,2,4.393,2,34.424,2,0.27,2,88.82,2,1481.088,2,27.2934,2,36.71184457,2,-122.18227471,2
1194461310,11/07/2007 18:48:30,2,vnta,824.46,2,4.376,2,34.428,2,0.26,2,88.74,2,1481.119,2,27.2984,2,36.71185606,2,-122.182251,2
1194461325,11/07/2007 18:48:45,2,vnta,830.5,2,4.346,2,34.431,2,0.26,2,88.65,2,1481.1,2,27.3041,2,36.71187173,2,-122.18220213,2
1194461340,11/07/2007 18:49:00,2,vnta,836.23,2,4.3,2,34.437,2,0.28,2,88.72,2,1481.013,2,27.3137,2,36.71185986,2,-122.18221893,2
1194461355,11/07/2007 18:49:15,2,vnta,841.96,2,4.278,2,34.439,2,0.26,2,88.72,2,1481.02,2,27.3177,2,36.71188333,2,-122.18219633,2
1194461370,11/07/2007 18:49:30,2,vnta,847.7,2,4.247,2,34.442,2,0.27,2,88.83,2,1480.991,2,27.3234,2,36.71188006,2,-122.18220493,2
1194461385,11/07/2007 18:49:45,2,vnta,852.64,2,4.209,2,34.447,2,0.33,2,88.85,2,1480.922,2,27.3314,2,36.71184753,2,-122.18227906,2
1194461400,11/07/2007 18:50:00,2,vnta,856.3,2,4.201,2,34.449,2,0.35,2,88.77,2,1480.953,2,27.3338,2,36.71177642,2,-122.18238628,2
1194461415,11/07/2007 18:50:15,2,vnta,859.76,2,4.191,2,34.45,2,0.35,2,88.65,2,1480.97,2,27.3357,2,36.71171026,2,-122.18249926,2
1194461430,11/07/2007 18:50:30,2,vnta,863.42,2,4.191,2,34.451,2,0.35,2,88.66,2,1481.033,2,27.3365,2,36.71166666,2,-122.18259006,2
1194461445,11/07/2007 18:50:45,2,vnta,867.67,2,4.191,2,34.45,2,0.35,2,88.64,2,1481.102,2,27.3358,2,36.71162026,2,-122.18267206,2
1194461460,11/07/2007 18:51:00,2,vnta,871.62,2,4.187,2,34.451,2,0.35,2,88.63,2,1481.153,2,27.337,2,36.71152373,2,-122.18277833,2
1194461475,11/07/2007 18:51:15,2,vnta,875.08,2,4.189,2,34.451,2,0.35,2,88.64,2,1481.22,2,27.3369,2,36.71142213,2,-122.1829134,2
1194461490,11/07/2007 18:51:30,2,vnta,876.07,2,4.182,2,34.451,2,0.34,2,88.64,2,1481.207,2,27.3376,2,36.71139653,2,-122.1830828,2
1194461505,11/07/2007 18:51:45,2,vnta,875.38,2,4.187,2,34.452,2,0.33,2,88.63,2,1481.217,2,27.3379,2,36.71139935,2,-122.18318928,2
1194461520,11/07/2007 18:52:00,2,vnta,873.1,2,4.198,2,34.449,2,0.33,2,88.68,2,1481.221,2,27.3343,2,36.71140153,2,-122.18323966,2
1194461535,11/07/2007 18:52:15,2,vnta,875.58,2,4.188,2,34.451,2,0.33,2,88.61,2,1481.224,2,27.337,2,36.7114274,2,-122.18333406,2
1194461550,11/07/2007 18:52:30,2,vnta,877.55,2,4.162,2,34.453,2,0.34,2,88.62,2,1481.151,2,27.3413,2,36.71131173,2,-122.1832562,2
1194461565,11/07/2007 18:52:45,2,vnta,875.87,2,4.159,2,34.454,2,0.34,2,88.58,2,1481.112,2,27.3424,2,36.71137253,2,-122.18336593,2
1194461580,11/07/2007 18:53:00,2,vnta,876.76,2,4.163,2,34.454,2,0.35,2,88.54,2,1481.143,2,27.342,2,36.71134933,2,-122.18352546,2
1194461595,11/07/2007 18:53:15,2,vnta,876.76,2,4.169,2,34.454,2,0.34,2,88.58,2,1481.168,2,27.3413,2,36.71130592,2,-122.18358685,2
1194461610,11/07/2007 18:53:30,2,vnta,875.97,2,4.181,2,34.455,2,0.33,2,88.66,2,1481.206,2,27.3409,2,36.711286,2,-122.18363918,2
1194461625,11/07/2007 18:53:45,2,vnta,875.58,2,4.186,2,34.452,2,0.33,2,88.66,2,1481.217,2,27.338,2,36.71128506,2,-122.18368773,2
1194461640,11/07/2007 18:54:00,2,vnta,876.56,2,4.19,2,34.451,2,0.33,2,88.27,2,1481.248,2,27.3368,2,36.71128573,2,-122.1837556,2
1194461655,11/07/2007 18:54:15,2,vnta,877.36,2,4.165,2,34.454,2,0.32,2,88.48,2,1481.162,2,27.3418,2,36.7112756,2,-122.18376473,2
1194461670,11/07/2007 18:54:30,2,vnta,876.37,2,4.187,2,34.451,2,0.32,2,88.65,2,1481.233,2,27.3371,2,36.71121386,2,-122.18377233,2
1194461685,11/07/2007 18:54:45,2,vnta,876.66,2,4.194,2,34.451,2,0.34,2,88.68,2,1481.267,2,27.3364,2,36.71115786,2,-122.18383706,2
1194461700,11/07/2007 18:55:00,2,vnta,877.75,2,4.184,2,34.452,2,0.34,2,88.64,2,1481.245,2,27.3382,2,36.71110585,2,-122.18392835,2
1194461715,11/07/2007 18:55:15,2,vnta,879.53,2,4.18,2,34.452,2,0.35,2,88.65,2,1481.258,2,27.3386,2,36.71108413,2,-122.18402733,2
1194461730,11/07/2007 18:55:30,2,vnta,879.23,2,4.154,2,34.46,2,0.34,2,88.52,2,1481.155,2,27.3477,2,36.71109246,2,-122.18411046,2
1194461745,11/07/2007 18:55:45,2,vnta,878.15,2,4.189,2,34.453,2,0.33,2,88.67,2,1481.273,2,27.3385,2,36.71106053,2,-122.18421026,2
1194461760,11/07/2007 18:56:00,2,vnta,877.65,2,4.198,2,34.45,2,0.34,2,88.7,2,1481.299,2,27.3351,2,36.71103466,2,-122.18431933,2
1194461775,11/07/2007 18:56:15,2,vnta,879.23,2,4.189,2,34.451,2,0.34,2,88.67,0,1481.289,2,27.3369,2,36.71101986,2,-122.18445333,2
1194461790,11/07/2007 18:56:30,2,vnta,880.12,2,4.164,2,34.454,2,0.35,2,88.59,2,1481.204,2,27.3419,2,36.71099942,2,-122.18454828,2
1194461805,11/07/2007 18:56:45,2,vnta,880.32,2,4.169,2,34.454,2,0.34,2,88.62,2,1481.228,2,27.3414,2,36.71096006,2,-122.18466086,2
1194461820,11/07/2007 18:57:00,2,vnta,880.32,2,4.183,2,34.452,2,0.34,2,88.71,2,1481.284,2,27.3383,2,36.71094513,2,-122.18476153,2
1194461835,11/07/2007 18:57:15,2,vnta,880.32,2,4.183,2,34.452,2,0.34,2,88.71,2,1481.284,2,27.3383,2,36.7109542,2,-122.18487686,2
1194461850,11/07/2007 18:57:30,2,vnta,880.62,2,4.183,2,34.452,2,0.34,2,88.7,2,1481.288,2,27.3383,2,36.71093126,2,-122.18498033,2
1194461865,11/07/2007 18:57:45,2,vnta,881.61,2,4.164,2,34.455,2,0.35,2,88.6,2,1481.23,2,27.3427,2,36.71090273,2,-122.1851254,2
1194461880,11/07/2007 18:58:00,2,vnta,882.5,2,4.142,2,34.457,2,0.35,2,88.52,2,1481.156,2,27.3466,2,36.71090513,2,-122.18527006,2
1194461895,11/07/2007 18:58:15,2,vnta,882.1,2,4.153,2,34.458,2,0.34,2,88.57,2,1481.196,2,27.3462,2,36.71095635,2,-122.18535885,2
1194461910,11/07/2007 18:58:30,2,vnta,882.1,2,4.168,2,34.454,2,0.34,2,88.63,2,1481.253,2,27.3415,2,36.7109694,2,-122.18540086,2
1194461925,11/07/2007 18:58:45,2,vnta,883.48,2,4.145,2,34.458,2,0.36,2,88.54,2,1481.186,2,27.3471,2,36.7104578,2,-122.1861376,2
1194461940,11/07/2007 18:59:00,2,vnta,882.5,2,4.164,2,34.455,2,0.34,2,88.61,2,1481.245,2,27.3427,2,36.71099353,2,-122.18573613,2
1194461955,11/07/2007 18:59:15,2,vnta,882.1,2,4.167,2,34.456,2,0.35,2,88.61,2,1481.252,2,27.3432,2,36.71101206,2,-122.1857096,2
1194461970,11/07/2007 18:59:30,2,vnta,881.7,2,4.17,2,34.455,2,0.35,2,88.61,2,1481.256,2,27.3421,2,36.7110512,2,-122.18580426,2
1194461985,11/07/2007 18:59:45,2,vnta,881.11,2,4.177,2,34.455,2,0.33,2,88.64,2,1481.276,2,27.3413,2,36.71108026,2,-122.1859032,2
1194462000,11/07/2007 19:00:00,2,vnta,881.61,2,4.171,2,34.453,2,0.35,2,88.61,2,1481.256,2,27.3404,2,36.71108807,2,-122.1860565,2
1194462015,11/07/2007 19:00:15,2,vnta,883.29,2,4.143,2,34.459,2,0.35,2,88.48,2,1481.176,2,27.3481,2,36.71114346,2,-122.18618006,2
1194462030,11/07/2007 19:00:30,2,vnta,882,2,4.159,2,34.457,2,0.34,2,88.51,2,1481.218,2,27.3448,2,36.71115026,2,-122.1861528,2
1194462045,11/07/2007 19:00:45,2,vnta,879.83,2,4.191,2,34.451,2,0.34,2,88.64,2,1481.307,2,27.3367,2,36.71110993,2,-122.18618573,2
1194462060,11/07/2007 19:01:00,2,vnta,880.91,2,4.18,2,34.453,2,0.34,2,88.42,2,1481.282,2,27.3394,2,36.71098806,2,-122.18619453,2
1194462075,11/07/2007 19:01:15,2,vnta,883.88,2,4.154,2,34.457,2,0.33,2,88.23,2,1481.229,2,27.3453,2,36.710863,2,-122.186345,2
1194462090,11/07/2007 19:01:30,2,vnta,883.88,2,4.137,2,34.459,2,0.31,2,88.36,2,1481.161,2,27.3487,2,36.71122785,2,-122.18625285,2
1194462105,11/07/2007 19:01:45,2,vnta,883.88,2,4.136,2,34.458,2,0.32,2,88.41,2,1481.155,2,27.348,2,36.71133213,2,-122.18613646,2
1194462120,11/07/2007 19:02:00,2,vnta,883.78,2,4.131,2,34.46,2,0.32,2,88.39,2,1481.135,2,27.3501,2,36.71134826,2,-122.18609606,2
1194462135,11/07/2007 19:02:15,2,vnta,882.5,2,4.154,2,34.458,2,0.33,2,88.5,2,1481.207,2,27.3461,2,36.7113584,2,-122.18608393,2
1194462150,11/07/2007 19:02:30,2,vnta,882,2,4.156,2,34.457,2,0.32,2,88.54,2,1481.206,2,27.3451,2,36.7113896,2,-122.18611966,2
1194462165,11/07/2007 19:02:45,2,vnta,881.7,2,4.152,2,34.457,2,0.32,2,86.4,0,1481.184,2,27.3455,2,36.71139013,2,-122.18616513,2
1194462180,11/07/2007 19:03:00,2,vnta,881.8,2,4.159,2,34.456,2,0.31,2,88.05,2,1481.214,2,27.344,2,36.71137693,2,-122.1861932,2
1194462195,11/07/2007 19:03:15,2,vnta,881.9,2,4.161,2,34.455,2,0.3,2,88.51,2,1481.222,2,27.343,2,36.71134321,2,-122.18622757,2
1194462210,11/07/2007 19:03:30,2,vnta,881.61,2,4.162,2,34.455,2,0.32,2,88.55,2,1481.222,2,27.3429,2,36.71136886,2,-122.18625273,2
1194462225,11/07/2007 19:03:45,2,vnta,881.41,2,4.17,2,34.457,2,0.32,2,88.6,2,1481.254,2,27.3437,2,36.71135846,2,-122.1862778,2
1194462240,11/07/2007 19:04:00,2,vnta,881.31,2,4.169,2,34.456,2,0.32,2,88.62,2,1481.247,2,27.343,2,36.7113406,2,-122.1862702,2
1194462255,11/07/2007 19:04:15,2,vnta,881.31,2,4.172,2,34.456,2,0.31,2,88.64,2,1481.26,2,27.3427,2,36.71134966,2,-122.1862818,2
1194462270,11/07/2007 19:04:30,2,vnta,881.51,2,4.171,2,34.455,2,0.32,2,88.58,2,1481.257,2,27.342,2,36.71136326,2,-122.18627433,2
1194462285,11/07/2007 19:04:45,2,vnta,881.51,2,4.18,2,34.453,2,0.31,2,88.57,2,1481.292,2,27.3394,2,36.71134586,2,-122.18627366,2
1194462300,11/07/2007 19:05:00,2,vnta,881.7,2,4.165,2,34.456,2,0.32,2,88.26,2,1481.237,2,27.3434,2,36.71135721,2,-122.18628714,2
1194462315,11/07/2007 19:05:15,2,vnta,881.7,2,4.164,2,34.456,2,0.32,2,88.53,2,1481.233,2,27.3435,2,36.7113708,2,-122.1862836,2
1194462330,11/07/2007 19:05:30,2,vnta,881.51,2,4.175,2,34.454,2,0.33,2,88.6,2,1481.273,2,27.3408,2,36.71134946,2,-122.18628866,2
1194462345,11/07/2007 19:05:45,2,vnta,881.61,2,4.179,2,34.455,2,0.32,2,88.62,2,1481.292,2,27.3411,2,36.71132133,2,-122.18628066,2
1194462360,11/07/2007 19:06:00,2,vnta,881.41,2,4.182,2,34.454,2,0.32,2,88.67,2,1481.3,2,27.34,2,36.71130026,2,-122.18624326,2
1194462375,11/07/2007 19:06:15,2,vnta,881.41,2,4.175,2,34.455,2,0.32,2,88.67,2,1481.272,2,27.3415,2,36.71130093,2,-122.18621033,2
1194462390,11/07/2007 19:06:30,2,vnta,881.31,2,4.17,2,34.455,2,0.31,2,88.62,2,1481.25,2,27.3421,2,36.71130471,2,-122.18617485,2
1194462405,11/07/2007 19:06:45,2,vnta,881.8,2,4.166,2,34.456,2,0.32,2,88.61,2,1481.243,2,27.3433,2,36.71130546,2,-122.18614113,2
1194462420,11/07/2007 19:07:00,2,vnta,881.61,2,4.162,2,34.457,2,0.33,2,88.61,2,1481.224,2,27.3445,2,36.7113176,2,-122.18616946,2
1194462435,11/07/2007 19:07:15,2,vnta,882.79,2,4.154,2,34.457,2,0.33,2,88.54,2,1481.211,2,27.3453,2,36.71131226,2,-122.18620773,2
1194462450,11/07/2007 19:07:30,2,vnta,883.78,2,4.135,2,34.461,2,0.32,2,88.36,2,1481.153,2,27.3505,2,36.71131333,2,-122.18620666,2
1194462465,11/07/2007 19:07:45,2,vnta,883.78,2,4.142,2,34.461,2,0.32,2,88.24,2,1481.182,2,27.3498,2,36.71132033,2,-122.186203,2
1194462480,11/07/2007 19:08:00,2,vnta,881.41,2,4.171,2,34.456,2,0.33,2,88.48,2,1481.257,2,27.3428,2,36.7113242,2,-122.18621353,2
1194462495,11/07/2007 19:08:15,2,vnta,880.12,2,4.186,2,34.454,2,0.33,2,88.67,0,1481.295,2,27.3396,2,36.71135107,2,-122.18626692,2
1194462510,11/07/2007 19:08:30,2,vnta,880.32,2,4.181,2,34.455,2,0.33,2,87.92,0,1481.279,2,27.3409,2,36.71136093,2,-122.186254,2
1194462525,11/07/2007 19:08:45,2,vnta,880.82,2,4.195,2,34.453,2,0.34,2,88.66,0,1481.343,2,27.3379,2,36.71134066,2,-122.18618613,2
1194462540,11/07/2007 19:09:00,2,vnta,880.62,2,4.199,2,34.454,2,0.32,2,88.63,2,1481.358,2,27.3382,2,36.71133826,2,-122.18615806,2
1194462555,11/07/2007 19:09:15,2,vnta,880.02,2,4.203,2,34.452,2,0.32,2,88.33,0,1481.362,2,27.3362,2,36.71133973,2,-122.18613926,2
1194462570,11/07/2007 19:09:30,2,vnta,876.27,2,4.208,2,34.451,2,0.33,2,88.69,2,1481.318,2,27.3349,2,36.71134453,2,-122.18612306,2
1194462585,11/07/2007 19:09:45,2,vnta,870.53,2,4.213,2,34.45,2,0.34,2,88.71,2,1481.242,2,27.3335,2,36.7113492,2,-122.1861292,2
1194462600,11/07/2007 19:10:00,2,vnta,867.57,2,4.217,2,34.451,2,0.33,2,88.56,2,1481.21,2,27.3339,2,36.71134957,2,-122.18613871,2
1194462615,11/07/2007 19:10:15,2,vnta,871.33,2,4.217,2,34.45,2,0.32,2,87.63,2,1481.272,2,27.3331,2,36.7113456,2,-122.18615526,2
1194462630,11/07/2007 19:10:30,2,vnta,876.86,2,4.209,2,34.452,2,0.31,2,87.67,2,1481.334,2,27.3356,2,36.71133893,2,-122.18616673,2
1194462645,11/07/2007 19:10:45,2,vnta,878.54,2,4.208,2,34.452,2,0.33,2,88.66,2,1481.358,2,27.3357,2,36.7113464,2,-122.18614646,2
1194462660,11/07/2007 19:11:00,2,vnta,879.23,2,4.203,2,34.452,2,0.33,2,88.69,2,1481.349,2,27.3362,2,36.71135953,2,-122.18611733,2
1194462675,11/07/2007 19:11:15,2,vnta,880.62,2,4.197,2,34.454,2,0.33,2,88.69,2,1481.349,2,27.3385,2,36.71137793,2,-122.186116,2
1194462690,11/07/2007 19:11:30,2,vnta,881.41,2,4.19,2,34.452,2,0.33,2,88.69,2,1481.331,2,27.3376,2,36.71139292,2,-122.1861075,2
1194462705,11/07/2007 19:11:45,2,vnta,881.61,2,4.182,2,34.454,2,0.32,2,88.66,2,1481.303,2,27.34,2,36.71139893,2,-122.18609673,2
1194462720,11/07/2007 19:12:00,2,vnta,882.79,2,4.162,2,34.456,2,0.32,2,88.58,2,1481.243,2,27.3437,2,36.7114026,2,-122.1860998,2
1194462735,11/07/2007 19:12:15,2,vnta,882.89,2,4.149,2,34.459,2,0.32,2,88.51,2,1481.194,2,27.3474,2,36.71140926,2,-122.18610473,2
1194462750,11/07/2007 19:12:30,2,vnta,882.89,2,4.152,2,34.46,2,0.31,2,88.51,2,1481.208,2,27.3479,2,36.711412,2,-122.18610466,2
1194462765,11/07/2007 19:12:45,2,vnta,882.99,2,4.152,2,34.458,2,0.31,2,88.53,2,1481.207,2,27.3463,2,36.7114102,2,-122.18612066,2
1194462780,11/07/2007 19:13:00,2,vnta,883.19,2,4.144,2,34.459,2,0.31,2,88.46,2,1481.178,2,27.348,2,36.7113965,2,-122.18615471,2
1194462795,11/07/2007 19:13:15,2,vnta,882.99,2,4.153,2,34.457,2,0.3,2,88.45,2,1481.21,2,27.3454,2,36.71138566,2,-122.18617513,2
1194462810,11/07/2007 19:13:30,2,vnta,882.5,2,4.165,2,34.456,2,0.31,2,88.52,2,1481.25,2,27.3434,2,36.71135873,2,-122.18619686,2
1194462825,11/07/2007 19:13:45,2,vnta,882.1,2,4.161,2,34.456,2,0.32,2,88.53,2,1481.227,2,27.3438,2,36.71134893,2,-122.18621306,2
1194462840,11/07/2007 19:14:00,2,vnta,882.2,2,4.161,2,34.458,2,0.31,2,88.57,2,1481.231,2,27.3454,2,36.71133986,2,-122.18624533,2
1194462855,11/07/2007 19:14:15,2,vnta,882.3,2,4.174,2,34.455,2,0.3,2,88.58,2,1481.283,2,27.3417,2,36.7113412,2,-122.18623373,2
1194462870,11/07/2007 19:14:30,2,vnta,882.69,2,4.169,2,34.458,2,0.31,2,88.58,2,1481.273,2,27.3446,2,36.71135593,2,-122.18622566,2
1194462885,11/07/2007 19:14:45,2,vnta,882.59,2,4.193,2,34.453,2,0.3,2,88.63,2,1481.364,2,27.3381,2,36.71136478,2,-122.18623307,2
1194462900,11/07/2007 19:15:00,2,vnta,882.89,2,4.183,2,34.451,2,0.32,2,88.62,2,1481.325,2,27.3375,2,36.71137306,2,-122.18622986,2
1194462915,11/07/2007 19:15:15,2,vnta,883.09,2,4.173,2,34.455,2,0.3,2,88.59,2,1481.292,2,27.3418,2,36.71138626,2,-122.18622426,2
1194462930,11/07/2007 19:15:30,2,vnta,882.69,2,4.176,2,34.456,2,0.3,2,88.55,2,1481.299,2,27.3422,2,36.71138493,2,-122.18622226,2
1194462945,11/07/2007 19:15:45,2,vnta,882.5,2,4.189,2,34.453,2,0.31,2,88.62,2,1481.346,2,27.3385,2,36.7113776,2,-122.1862234,2
1194462960,11/07/2007 19:16:00,2,vnta,882,2,4.173,2,34.456,2,0.33,2,88.58,2,1481.275,2,27.3426,2,36.7113652,2,-122.1861486,2
1194462975,11/07/2007 19:16:15,2,vnta,881.51,2,4.17,2,34.457,2,0.33,2,88.54,2,1481.256,2,27.3437,2,36.71137973,2,-122.18613113,2
1194462990,11/07/2007 19:16:30,2,vnta,882.4,2,4.174,2,34.456,2,0.32,2,88.54,2,1481.286,2,27.3425,2,36.71138914,2,-122.18614742,2
1194463005,11/07/2007 19:16:45,2,vnta,882.79,2,4.174,2,34.457,2,0.32,2,88.56,2,1481.294,2,27.3433,2,36.7114056,2,-122.18615486,2
1194463020,11/07/2007 19:17:00,2,vnta,882.79,2,4.174,2,34.456,2,0.32,2,88.42,2,1481.293,2,27.3425,2,36.7114154,2,-122.18615926,2
1194463035,11/07/2007 19:17:15,2,vnta,881.41,2,4.173,2,34.456,2,0.33,2,88.52,2,1481.265,2,27.3426,2,36.7114242,2,-122.18615126,2
1194463050,11/07/2007 19:17:30,2,vnta,876.56,2,4.194,2,34.453,2,0.34,2,88.66,2,1481.268,2,27.3379,2,36.71143446,2,-122.18613813,2
1194463065,11/07/2007 19:17:45,2,vnta,870.34,2,4.202,2,34.453,2,0.34,2,88.69,2,1481.197,2,27.337,2,36.7114394,2,-122.18614,2
1194463080,11/07/2007 19:18:00,2,vnta,869.25,2,4.204,2,34.452,2,0.32,2,88.3,2,1481.186,2,27.336,2,36.71145264,2,-122.18614671,2
1194463095,11/07/2007 19:18:15,2,vnta,873.5,2,4.206,2,34.452,2,0.31,2,88.54,2,1481.265,2,27.3359,2,36.71145873,2,-122.1861438,2
1194463110,11/07/2007 19:18:30,2,vnta,878.54,2,4.2,2,34.453,2,0.3,2,88.6,2,1481.326,2,27.3373,2,36.711472,2,-122.18613373,2
1194463125,11/07/2007 19:18:45,2,vnta,880.22,2,4.194,2,34.453,2,0.33,2,88.53,2,1481.329,2,27.338,2,36.71146666,2,-122.18613873,2
1194463140,11/07/2007 19:19:00,2,vnta,881.01,2,4.187,2,34.455,2,0.31,2,88.61,2,1481.316,2,27.3403,2,36.71145306,2,-122.1861198,2
1194463155,11/07/2007 19:19:15,2,vnta,882.1,2,4.18,2,34.456,2,0.31,2,88.5,2,1481.306,2,27.3418,2,36.7114446,2,-122.18612273,2
1194463170,11/07/2007 19:19:30,2,vnta,882.69,2,4.171,2,34.461,2,0.32,2,88.5,2,1481.285,2,27.3467,2,36.711433,2,-122.18610013,2
1194463185,11/07/2007 19:19:45,2,vnta,882.69,2,4.174,2,34.455,2,0.3,2,88.5,2,1481.29,2,27.3417,2,36.71144142,2,-122.18609985,2
1194463200,11/07/2007 19:20:00,2,vnta,882.69,2,4.166,2,34.456,2,0.32,2,88.46,2,1481.258,2,27.3433,2,36.7114332,2,-122.1860872,2
1194463215,11/07/2007 19:20:15,2,vnta,882.69,2,4.165,2,34.456,2,0.33,2,88.47,2,1481.254,2,27.3434,2,36.71144413,2,-122.18607926,2
1194463230,11/07/2007 19:20:30,2,vnta,882.69,2,4.167,2,34.456,2,0.32,2,88.45,2,1481.262,2,27.3432,2,36.71144326,2,-122.18608886,2
1194463245,11/07/2007 19:20:45,2,vnta,882.69,2,4.171,2,34.458,2,0.31,2,88.17,0,1481.281,2,27.3444,2,36.71144753,2,-122.18610553,2
1194463260,11/07/2007 19:21:00,2,vnta,882.4,2,4.171,2,34.457,2,0.31,2,88.03,2,1481.275,2,27.3436,2,36.7114634,2,-122.18608993,2
1194463275,11/07/2007 19:21:15,2,vnta,881.41,2,4.171,2,34.457,2,0.32,2,88.37,2,1481.258,2,27.3436,2,36.71146885,2,-122.1860415,2
1194463290,11/07/2007 19:21:30,2,vnta,881.11,2,4.177,2,34.455,2,0.32,2,88.28,2,1481.276,2,27.3413,2,36.71145913,2,-122.18600046,2
1194463305,11/07/2007 19:21:45,2,vnta,880.42,2,4.185,2,34.457,2,0.31,2,88.59,2,1481.3,2,27.3421,2,36.71145633,2,-122.1859622,2
1194463320,11/07/2007 19:22:00,2,vnta,880.42,2,4.186,2,34.454,2,0.31,2,88.5,2,1481.3,2,27.3396,2,36.71138113,2,-122.18595073,2
1194463335,11/07/2007 19:22:15,2,vnta,880.62,2,4.183,2,34.454,2,0.31,2,88.45,2,1481.291,2,27.3399,2,36.71136213,2,-122.1859408,2
1194463350,11/07/2007 19:22:30,2,vnta,881.11,2,4.181,2,34.455,2,0.31,2,88.47,2,1481.292,2,27.3409,2,36.71142353,2,-122.18596466,2
1194463365,11/07/2007 19:22:45,2,vnta,881.31,2,4.18,2,34.454,2,0.33,2,88.49,2,1481.29,2,27.3402,2,36.71147793,2,-122.18601973,2
1194463380,11/07/2007 19:23:00,2,vnta,882.2,2,4.183,2,34.456,2,0.32,2,88.52,2,1481.32,2,27.3415,2,36.71137857,2,-122.18599785,2
1194463395,11/07/2007 19:23:15,2,vnta,882.69,2,4.172,2,34.457,2,0.31,2,88.49,2,1481.284,2,27.3435,2,36.7114416,2,-122.18603453,2
1194463410,11/07/2007 19:23:30,2,vnta,882.69,2,4.172,2,34.456,2,0.3,2,88.47,2,1481.283,2,27.3427,2,36.711464,2,-122.18603033,2
1194463425,11/07/2007 19:23:45,2,vnta,882.69,2,4.167,2,34.457,2,0.31,2,88.48,2,1481.263,2,27.344,2,36.71144253,2,-122.18603953,2
1194463440,11/07/2007 19:24:00,2,vnta,882.69,2,4.167,2,34.457,2,0.32,2,88.51,2,1481.263,2,27.344,2,36.71143053,2,-122.18603326,2
1194463455,11/07/2007 19:24:15,2,vnta,882.69,2,4.169,2,34.457,2,0.3,2,88.48,2,1481.271,2,27.3438,2,36.7114476,2,-122.18605433,2
1194463470,11/07/2007 19:24:30,2,vnta,882.69,2,4.169,2,34.457,2,0.28,2,88.49,2,1481.271,2,27.3438,2,36.71145486,2,-122.18605793,2
1194463485,11/07/2007 19:24:45,2,vnta,882.69,2,4.164,2,34.458,2,0.29,2,88.15,2,1481.252,2,27.3451,2,36.71143107,2,-122.18606235,2
1194463500,11/07/2007 19:25:00,2,vnta,882.69,2,4.167,2,34.458,2,0.28,2,87.8,2,1481.264,2,27.3448,2,36.71140806,2,-122.18604233,2
1194463515,11/07/2007 19:25:15,2,vnta,882.69,2,4.165,2,34.457,2,0.29,2,88.2,2,1481.255,2,27.3442,2,36.71141066,2,-122.18605813,2
1194463530,11/07/2007 19:25:30,2,vnta,882.69,2,4.169,2,34.455,2,0.32,2,88.34,2,1481.269,2,27.3422,2,36.71142033,2,-122.186051,2
1194463545,11/07/2007 19:25:45,2,vnta,882.69,2,4.168,2,34.457,2,0.31,2,88.29,2,1481.267,2,27.3439,2,36.71141666,2,-122.18604826,2
1194463560,11/07/2007 19:26:00,2,vnta,882.69,2,4.174,2,34.457,2,0.32,2,88.38,2,1481.292,2,27.3433,2,36.71143,2,-122.18608133,2
1194463575,11/07/2007 19:26:15,2,vnta,882.69,2,4.176,2,34.455,2,0.32,2,88.44,2,1481.298,2,27.3415,2,36.71140757,2,-122.18608507,2
1194463590,11/07/2007 19:26:30,2,vnta,882.69,2,4.174,2,34.455,2,0.33,2,88.45,2,1481.29,2,27.3417,2,36.71139046,2,-122.18608713,2
1194463605,11/07/2007 19:26:45,2,vnta,882.69,2,4.177,2,34.456,2,0.33,2,88.46,2,1481.303,2,27.3421,2,36.71138793,2,-122.1861006,2
1194463620,11/07/2007 19:27:00,2,vnta,882.69,2,4.18,2,34.455,2,0.31,2,88.52,2,1481.315,2,27.341,2,36.7113762,2,-122.18609753,2
1194463635,11/07/2007 19:27:15,2,vnta,882.69,2,4.175,2,34.456,2,0.28,2,88.45,2,1481.295,2,27.3424,2,36.7113796,2,-122.18611486,2
1194463650,11/07/2007 19:27:30,2,vnta,882.69,2,4.173,2,34.456,2,0.31,2,88.5,2,1481.287,2,27.3426,2,36.71135973,2,-122.18611686,2
1194463665,11/07/2007 19:27:45,2,vnta,882.69,2,4.173,2,34.457,2,0.3,2,88.53,2,1481.288,2,27.3434,2,36.71137507,2,-122.18611878,2
1194463680,11/07/2007 19:28:00,2,vnta,882.69,2,4.175,2,34.456,2,0.3,2,88.49,2,1481.295,2,27.3424,2,36.71136713,2,-122.18611553,2
1194463695,11/07/2007 19:28:15,2,vnta,882.69,2,4.175,2,34.456,2,0.31,2,88.47,2,1481.295,2,27.3424,2,36.71136306,2,-122.18613013,2
1194463710,11/07/2007 19:28:30,2,vnta,882.69,2,4.174,2,34.456,2,0.32,2,88.49,2,1481.291,2,27.3425,2,36.71136066,2,-122.18612813,2
1194463725,11/07/2007 19:28:45,2,vnta,882.69,2,4.171,2,34.457,2,0.33,2,88.48,2,1481.28,2,27.3436,2,36.71137106,2,-122.1861176,2
1194463740,11/07/2007 19:29:00,2,vnta,882.59,2,4.169,2,34.457,2,0.33,2,88.54,0,1481.27,2,27.3438,2,36.71137313,2,-122.18612446,2
1194463755,11/07/2007 19:29:15,2,vnta,882.59,2,4.168,2,34.456,2,0.32,2,88.52,2,1481.264,2,27.3431,2,36.71137633,2,-122.18611526,2
1194463770,11/07/2007 19:29:30,2,vnta,882.69,2,4.168,2,34.456,2,0.32,2,88.52,2,1481.266,2,27.3431,2,36.71138814,2,-122.186123,2
1194463785,11/07/2007 19:29:45,2,vnta,882.59,2,4.167,2,34.456,2,0.32,2,88.51,0,1481.26,2,27.3432,2,36.71139006,2,-122.18611806,2
1194463800,11/07/2007 19:30:00,2,vnta,882.69,2,4.166,2,34.457,2,0.32,2,88.49,2,1481.259,2,27.3441,2,36.7113984,2,-122.18611126,2
1194463815,11/07/2007 19:30:15,2,vnta,882.69,2,4.166,2,34.457,2,0.32,2,88.44,2,1481.259,2,27.3441,2,36.71139306,2,-122.1861068,2
1194463830,11/07/2007 19:30:30,2,vnta,882.69,2,4.169,2,34.457,2,0.32,2,88.45,2,1481.271,2,27.3438,2,36.71139493,2,-122.1861188,2
1194463845,11/07/2007 19:30:45,2,vnta,882.59,2,4.171,2,34.456,2,0.33,2,88.48,2,1481.277,2,27.3428,2,36.71140566,2,-122.1861128,2
1194463860,11/07/2007 19:31:00,2,vnta,882.69,2,4.17,2,34.456,2,0.33,2,88.48,2,1481.274,2,27.3429,2,36.7114076,2,-122.1861112,2
1194463875,11/07/2007 19:31:15,2,vnta,882.59,2,4.169,2,34.456,2,0.32,2,88.46,2,1481.269,2,27.343,2,36.7114035,2,-122.18610557,2
1194463890,11/07/2007 19:31:30,2,vnta,882.59,2,4.17,2,34.455,2,0.31,2,88.43,2,1481.271,2,27.3421,2,36.71140493,2,-122.18611126,2
1194463905,11/07/2007 19:31:45,2,vnta,882.59,2,4.169,2,34.457,2,0.3,2,88.42,2,1481.27,2,27.3438,2,36.71140933,2,-122.18611673,2
1194463920,11/07/2007 19:32:00,2,vnta,882.59,2,4.167,2,34.456,2,0.3,2,88.42,2,1481.26,2,27.3432,2,36.71140393,2,-122.18611146,2
1194463935,11/07/2007 19:32:15,2,vnta,882.59,2,4.166,2,34.457,2,0.32,2,88.41,2,1481.257,2,27.3441,2,36.7114102,2,-122.18611893,2
1194463950,11/07/2007 19:32:30,2,vnta,882.59,2,4.167,2,34.457,2,0.32,2,88.43,0,1481.261,2,27.344,2,36.71140353,2,-122.1861154,2
1194463965,11/07/2007 19:32:45,2,vnta,882.69,2,4.175,2,34.456,2,0.31,2,88.45,0,1481.295,2,27.3424,2,36.71141021,2,-122.18613471,2
1194463980,11/07/2007 19:33:00,2,vnta,882.69,2,4.172,2,34.456,2,0.31,2,88.42,2,1481.283,2,27.3427,2,36.71139313,2,-122.18615106,2
1194463995,11/07/2007 19:33:15,2,vnta,882.59,2,4.17,2,34.456,2,0.32,2,88.45,2,1481.273,2,27.3429,2,36.71138593,2,-122.1861156,2
1194464010,11/07/2007 19:33:30,2,vnta,882.69,2,4.17,2,34.457,2,0.33,2,88.41,2,1481.276,2,27.3437,2,36.7113854,2,-122.18611373,2
1194464025,11/07/2007 19:33:45,2,vnta,882.59,2,4.171,2,34.456,2,0.32,2,88.37,2,1481.277,2,27.3428,2,36.711405,2,-122.1861198,2
1194464040,11/07/2007 19:34:00,2,vnta,882.59,2,4.171,2,34.456,2,0.31,2,88.38,2,1481.277,2,27.3428,2,36.7113994,2,-122.18611766,2
1194464055,11/07/2007 19:34:15,2,vnta,882.59,2,4.171,2,34.456,2,0.29,2,88.41,2,1481.277,2,27.3428,2,36.7114142,2,-122.18611193,2
1194464070,11/07/2007 19:34:30,2,vnta,882.59,2,4.174,2,34.457,2,0.29,2,88.44,2,1481.291,2,27.3433,2,36.71142114,2,-122.18610442,2
1194464085,11/07/2007 19:34:45,2,vnta,882.59,2,4.18,2,34.455,2,0.28,2,88.39,2,1481.313,2,27.341,2,36.71141946,2,-122.18610926,2
1194464100,11/07/2007 19:35:00,2,vnta,882.59,2,4.18,2,34.455,2,0.28,2,88.45,2,1481.313,2,27.341,2,36.71143406,2,-122.18610233,2
1194464115,11/07/2007 19:35:15,2,vnta,882.59,2,4.179,2,34.455,2,0.27,2,88.46,0,1481.309,2,27.3411,2,36.7114282,2,-122.1861038,2
1194464130,11/07/2007 19:35:30,2,vnta,882.59,2,4.178,2,34.458,2,0.29,2,88.52,2,1481.309,2,27.3436,2,36.71143326,2,-122.1860896,2
1194464145,11/07/2007 19:35:45,2,vnta,882.59,2,4.179,2,34.457,2,0.29,2,88.5,2,1481.311,2,27.3427,2,36.71143593,2,-122.186088,2
1194464160,11/07/2007 19:36:00,2,vnta,882.59,2,4.181,2,34.456,2,0.31,2,88.48,2,1481.318,2,27.3417,2,36.71143906,2,-122.18608686,2
1194464175,11/07/2007 19:36:15,2,vnta,882.59,2,4.178,2,34.455,2,0.32,2,88.48,0,1481.305,2,27.3412,2,36.71144935,2,-122.18606164,2
1194464190,11/07/2007 19:36:30,2,vnta,882.59,2,4.176,2,34.455,2,0.32,2,88.47,2,1481.296,2,27.3415,2,36.71144666,2,-122.18603706,2
1194464205,11/07/2007 19:36:45,2,vnta,882.59,2,4.173,2,34.456,2,0.3,2,88.52,2,1481.285,2,27.3426,2,36.7114474,2,-122.18602746,2
1194464220,11/07/2007 19:37:00,2,vnta,882.59,2,4.17,2,34.458,2,0.27,2,88.48,2,1481.275,2,27.3445,2,36.71144073,2,-122.18605893,2
1194464235,11/07/2007 19:37:15,2,vnta,882.59,2,4.171,2,34.457,2,0.28,2,88.44,2,1481.278,2,27.3436,2,36.71146286,2,-122.18602793,2
1194464250,11/07/2007 19:37:30,2,vnta,882.59,2,4.171,2,34.457,2,0.3,2,88.42,2,1481.278,2,27.3436,2,36.71145673,2,-122.1860418,2
1194464265,11/07/2007 19:37:45,2,vnta,882.59,2,4.181,2,34.455,2,0.29,2,88.43,2,1481.317,2,27.3409,2,36.7114484,2,-122.18606033,2
1194464280,11/07/2007 19:38:00,2,vnta,882.59,2,4.183,2,34.455,2,0.31,2,88.43,2,1481.325,2,27.3407,2,36.71144435,2,-122.18607407,2
1194464295,11/07/2007 19:38:15,2,vnta,882.59,2,4.181,2,34.454,2,0.3,2,88.42,2,1481.316,2,27.3401,2,36.7114366,2,-122.1860824,2
1194464310,11/07/2007 19:38:30,2,vnta,882.59,2,4.177,2,34.456,2,0.3,2,88.41,2,1481.302,2,27.3421,2,36.7114372,2,-122.186087,2
1194464325,11/07/2007 19:38:45,2,vnta,882.59,2,4.182,2,34.456,2,0.31,2,88.43,2,1481.323,2,27.3416,2,36.7114312,2,-122.18609606,2
1194464340,11/07/2007 19:39:00,2,vnta,882.59,2,4.184,2,34.454,2,0.31,2,88.46,2,1481.328,2,27.3398,2,36.71142813,2,-122.18610606,2
1194464355,11/07/2007 19:39:15,2,vnta,882.59,2,4.18,2,34.455,2,0.31,2,88.44,2,1481.313,2,27.341,2,36.711427,2,-122.18610033,2
1194464370,11/07/2007 19:39:30,2,vnta,882.59,2,4.18,2,34.456,2,0.32,2,88.41,2,1481.314,2,27.3418,2,36.71142171,2,-122.18611221,2
1194464385,11/07/2007 19:39:45,2,vnta,882.59,2,4.181,2,34.456,2,0.32,2,88.38,2,1481.318,2,27.3417,2,36.711422,2,-122.18611186,2
1194464400,11/07/2007 19:40:00,2,vnta,882.59,2,4.179,2,34.456,2,0.3,2,88.39,2,1481.31,2,27.3419,2,36.7114196,2,-122.18612,2
1194464415,11/07/2007 19:40:15,2,vnta,882.59,2,4.178,2,34.456,2,0.32,2,88.5,2,1481.306,2,27.342,2,36.7114106,2,-122.18612373,2
1194464430,11/07/2007 19:40:30,2,vnta,882.59,2,4.178,2,34.456,2,0.32,2,88.52,2,1481.306,2,27.342,2,36.71140366,2,-122.18612693,2
1194464445,11/07/2007 19:40:45,2,vnta,882.59,2,4.18,2,34.455,2,0.32,2,88.52,2,1481.313,2,27.341,2,36.71140313,2,-122.18613213,2
1194464460,11/07/2007 19:41:00,2,vnta,882.59,2,4.179,2,34.455,2,0.31,2,88.5,2,1481.309,2,27.3411,2,36.71140192,2,-122.18613,2
1194464475,11/07/2007 19:41:15,2,vnta,882.59,2,4.177,2,34.456,2,0.29,2,88.51,2,1481.302,2,27.3421,2,36.7114042,2,-122.18612166,2
1194464490,11/07/2007 19:41:30,2,vnta,882.59,2,4.178,2,34.456,2,0.3,2,88.51,2,1481.306,2,27.342,2,36.71141573,2,-122.18612093,2
1194464505,11/07/2007 19:41:45,2,vnta,882.59,2,4.177,2,34.456,2,0.28,2,88.49,2,1481.302,2,27.3421,2,36.7114148,2,-122.18611826,2
1194464520,11/07/2007 19:42:00,2,vnta,882.59,2,4.176,2,34.456,2,0.27,2,88.47,2,1481.298,2,27.3422,2,36.71142266,2,-122.186116,2
1194464535,11/07/2007 19:42:15,2,vnta,882.59,2,4.176,2,34.456,2,0.28,2,88.41,2,1481.298,2,27.3422,2,36.71142186,2,-122.18610826,2
1194464550,11/07/2007 19:42:30,2,vnta,882.59,2,4.178,2,34.457,2,0.31,2,88.46,2,1481.307,2,27.3428,2,36.71142006,2,-122.18610833,2
1194464565,11/07/2007 19:42:45,2,vnta,882.59,2,4.181,2,34.456,2,0.32,2,88.49,2,1481.318,2,27.3417,2,36.71142621,2,-122.18610207,2
1194464580,11/07/2007 19:43:00,2,vnta,882.59,2,4.182,2,34.456,2,0.32,2,88.55,2,1481.323,2,27.3416,2,36.71142053,2,-122.18608773,2
1194464595,11/07/2007 19:43:15,2,vnta,882.59,2,4.19,2,34.453,2,0.3,2,88.58,2,1481.352,2,27.3384,2,36.711425,2,-122.1860942,2
1194464610,11/07/2007 19:43:30,2,vnta,882.59,2,4.186,2,34.454,2,0.3,2,88.58,2,1481.337,2,27.3396,2,36.71142526,2,-122.18609926,2
1194464625,11/07/2007 19:43:45,2,vnta,882.59,2,4.185,2,34.455,2,0.29,2,88.61,2,1481.334,2,27.3405,2,36.7114736,2,-122.18610186,2
1194464640,11/07/2007 19:44:00,2,vnta,882.59,2,4.186,2,34.454,2,0.29,2,88.59,2,1481.337,2,27.3396,2,36.7114564,2,-122.18607186,2
1194464655,11/07/2007 19:44:15,2,vnta,882.59,2,4.183,2,34.454,2,0.31,2,88.61,2,1481.324,2,27.3399,2,36.71143871,2,-122.18608621,2
1194464670,11/07/2007 19:44:30,2,vnta,882.59,2,4.181,2,34.454,2,0.32,2,88.6,2,1481.316,2,27.3401,2,36.71143786,2,-122.18609126,2
1194464685,11/07/2007 19:44:45,2,vnta,882.59,2,4.182,2,34.457,2,0.32,2,88.6,2,1481.324,2,27.3424,2,36.71144266,2,-122.1860774,2
1194464700,11/07/2007 19:45:00,2,vnta,882.1,2,4.186,2,34.455,2,0.33,2,88.6,2,1481.33,2,27.3404,2,36.7114402,2,-122.18608906,2
1194464715,11/07/2007 19:45:15,2,vnta,881.41,2,4.189,2,34.454,2,0.32,2,88.58,2,1481.329,2,27.3393,2,36.71143886,2,-122.18612746,2
1194464730,11/07/2007 19:45:30,2,vnta,881.8,2,4.191,2,34.454,2,0.33,2,88.59,2,1481.344,2,27.3391,2,36.7114302,2,-122.18617566,2
1194464745,11/07/2007 19:45:45,2,vnta,882,2,4.177,2,34.457,2,0.33,2,88.55,2,1481.293,2,27.3429,2,36.71138886,2,-122.18620506,2
1194464760,11/07/2007 19:46:00,2,vnta,882.5,2,4.181,2,34.456,2,0.31,2,88.52,2,1481.317,2,27.3417,2,36.71137857,2,-122.18620942,2
1194464775,11/07/2007 19:46:15,2,vnta,883.19,2,4.182,2,34.455,2,0.32,2,88.55,2,1481.331,2,27.3408,2,36.71137386,2,-122.18618873,2
1194464790,11/07/2007 19:46:30,2,vnta,883.29,2,4.18,2,34.456,2,0.31,2,88.53,2,1481.326,2,27.3418,2,36.711378,2,-122.18616833,2
1194464805,11/07/2007 19:46:45,2,vnta,883.29,2,4.178,2,34.455,2,0.31,2,88.57,2,1481.316,2,27.3413,2,36.71137953,2,-122.1861778,2
1194464820,11/07/2007 19:47:00,2,vnta,883.29,2,4.176,2,34.455,2,0.31,2,88.58,2,1481.308,2,27.3415,2,36.71137873,2,-122.1861558,2
1194464835,11/07/2007 19:47:15,2,vnta,883.29,2,4.175,2,34.456,2,0.31,2,88.52,2,1481.305,2,27.3424,2,36.711368,2,-122.18613226,2
1194464850,11/07/2007 19:47:30,2,vnta,883.29,2,4.174,2,34.456,2,0.31,2,88.55,2,1481.301,2,27.3425,2,36.7113724,2,-122.18612453,2
1194464865,11/07/2007 19:47:45,2,vnta,883.19,2,4.176,2,34.456,2,0.31,2,88.56,2,1481.308,2,27.3423,2,36.71138142,2,-122.18611271,2
1194464880,11/07/2007 19:48:00,2,vnta,883.29,2,4.174,2,34.457,2,0.31,2,88.5,2,1481.302,2,27.3433,2,36.71139153,2,-122.18611666,2
1194464895,11/07/2007 19:48:15,2,vnta,883.29,2,4.178,2,34.456,2,0.31,2,88.53,2,1481.318,2,27.342,2,36.71137633,2,-122.18612293,2
1194464910,11/07/2007 19:48:30,2,vnta,883.29,2,4.18,2,34.455,2,0.31,2,88.59,2,1481.325,2,27.341,2,36.71137906,2,-122.18615386,2
1194464925,11/07/2007 19:48:45,2,vnta,883.29,2,4.179,2,34.455,2,0.31,2,88.6,2,1481.32,2,27.3411,2,36.71136306,2,-122.18617693,2
1194464940,11/07/2007 19:49:00,2,vnta,883.29,2,4.174,2,34.455,2,0.31,2,88.59,2,1481.3,2,27.3417,2,36.7113554,2,-122.18618933,2
1194464955,11/07/2007 19:49:15,2,vnta,883.29,2,4.175,2,34.457,2,0.31,2,88.55,2,1481.306,2,27.3432,2,36.71134792,2,-122.18620528,2
1194464970,11/07/2007 19:49:30,2,vnta,883.29,2,4.175,2,34.456,2,0.31,2,88.54,2,1481.305,2,27.3424,2,36.7113404,2,-122.18620833,2
1194464985,11/07/2007 19:49:45,2,vnta,883.29,2,4.172,2,34.457,2,0.31,2,88.49,2,1481.294,2,27.3435,2,36.7113436,2,-122.18620993,2
1194465000,11/07/2007 19:50:00,2,vnta,883.29,2,4.17,2,34.456,2,0.3,2,88.49,2,1481.284,2,27.3429,2,36.71134173,2,-122.1862162,2
1194465015,11/07/2007 19:50:15,2,vnta,883.29,2,4.17,2,34.457,2,0.31,2,88.49,2,1481.286,2,27.3437,2,36.71135653,2,-122.1862026,2
1194465030,11/07/2007 19:50:30,2,vnta,883.29,2,4.17,2,34.455,2,0.31,2,88.48,2,1481.283,2,27.3421,2,36.71134853,2,-122.1861922,2
1194465045,11/07/2007 19:50:45,2,vnta,883.29,2,4.17,2,34.456,2,0.31,2,88.5,2,1481.284,2,27.3429,2,36.71137493,2,-122.18618973,2
1194465060,11/07/2007 19:51:00,2,vnta,883.29,2,4.173,2,34.456,2,0.31,2,88.51,2,1481.297,2,27.3426,2,36.71137371,2,-122.18616078,2
1194465075,11/07/2007 19:51:15,2,vnta,883.29,2,4.173,2,34.457,2,0.31,2,88.44,2,1481.298,2,27.3434,2,36.7113752,2,-122.18616953,2
1194465090,11/07/2007 19:51:30,2,vnta,883.29,2,4.173,2,34.456,2,0.31,2,88.51,2,1481.297,2,27.3426,2,36.71136533,2,-122.1861674,2
1194465105,11/07/2007 19:51:45,2,vnta,883.19,2,4.174,2,34.455,2,0.31,2,88.5,2,1481.298,2,27.3417,2,36.711358,2,-122.18615753,2
1194465120,11/07/2007 19:52:00,2,vnta,883.19,2,4.183,2,34.458,2,0.31,2,88.51,2,1481.339,2,27.3431,2,36.71135993,2,-122.1861476,2
1194465135,11/07/2007 19:52:15,2,vnta,883.19,2,4.184,2,34.455,2,0.31,2,88.57,2,1481.34,2,27.3406,2,36.7113572,2,-122.1861358,2
1194465150,11/07/2007 19:52:30,2,vnta,883.19,2,4.18,2,34.454,2,0.31,2,88.54,2,1481.322,2,27.3402,2,36.71136106,2,-122.18613306,2
1194465165,11/07/2007 19:52:45,2,vnta,883.19,2,4.177,2,34.457,2,0.31,2,88.55,2,1481.313,2,27.3429,2,36.71135892,2,-122.18613285,2
1194465180,11/07/2007 19:53:00,2,vnta,883.19,2,4.177,2,34.455,2,0.31,2,88.54,2,1481.31,2,27.3414,2,36.71136093,2,-122.18613266,2
1194465195,11/07/2007 19:53:15,2,vnta,883.29,2,4.177,2,34.454,2,0.31,2,88.53,2,1481.311,2,27.3406,2,36.71135513,2,-122.18612606,2
1194465210,11/07/2007 19:53:30,2,vnta,883.29,2,4.178,2,34.456,2,0.31,2,88.54,2,1481.318,2,27.342,2,36.71136246,2,-122.18612806,2
1194465225,11/07/2007 19:53:45,2,vnta,883.19,2,4.18,2,34.455,2,0.31,2,88.54,2,1481.323,2,27.341,2,36.71136613,2,-122.18613173,2
1194465240,11/07/2007 19:54:00,2,vnta,883.19,2,4.179,2,34.455,2,0.31,2,88.48,2,1481.319,2,27.3411,2,36.7113638,2,-122.18612733,2
1194465255,11/07/2007 19:54:15,2,vnta,883.29,2,4.174,2,34.454,2,0.31,2,88.51,2,1481.298,2,27.3409,2,36.71137542,2,-122.186135,2
1194465270,11/07/2007 19:54:30,2,vnta,883.19,2,4.172,2,34.456,2,0.31,2,88.46,2,1481.291,2,27.3427,2,36.7113672,2,-122.18614586,2
1194465285,11/07/2007 19:54:45,2,vnta,883.29,2,4.172,2,34.455,2,0.31,2,88.41,2,1481.291,2,27.3419,2,36.71136973,2,-122.18614146,2
1194465300,11/07/2007 19:55:00,2,vnta,883.19,2,4.173,2,34.456,2,0.31,2,88.34,2,1481.295,2,27.3426,2,36.7113656,2,-122.18615233,2
1194465315,11/07/2007 19:55:15,2,vnta,883.19,2,4.173,2,34.456,2,0.31,2,88.38,2,1481.295,2,27.3426,2,36.71136546,2,-122.18616206,2
1194465330,11/07/2007 19:55:30,2,vnta,883.19,2,4.176,2,34.456,2,0.31,2,88.31,2,1481.308,2,27.3423,2,36.71136233,2,-122.18618686,2
1194465345,11/07/2007 19:55:45,2,vnta,883.19,2,4.175,2,34.455,2,0.31,2,88.34,2,1481.302,2,27.3416,2,36.71134746,2,-122.18621026,2
1194465360,11/07/2007 19:56:00,2,vnta,883.19,2,4.174,2,34.455,2,0.31,2,88.4,2,1481.298,2,27.3417,2,36.71132907,2,-122.18621814,2
1194465375,11/07/2007 19:56:15,2,vnta,883.19,2,4.173,2,34.456,2,0.31,2,88.51,2,1481.295,2,27.3426,2,36.7112934,2,-122.18623546,2
1194465390,11/07/2007 19:56:30,2,vnta,883.29,2,4.174,2,34.457,2,0.31,2,88.47,2,1481.302,2,27.3433,2,36.7113178,2,-122.18622106,2
1194465405,11/07/2007 19:56:45,2,vnta,883.19,2,4.176,2,34.457,2,0.3,2,88.52,2,1481.309,2,27.3431,2,36.71132926,2,-122.18621293,2
1194465420,11/07/2007 19:57:00,2,vnta,883.19,2,4.175,2,34.455,2,0.3,2,88.48,2,1481.302,2,27.3416,2,36.71134613,2,-122.1861918,2
1194465435,11/07/2007 19:57:15,2,vnta,883.19,2,4.17,2,34.456,2,0.3,2,88.29,2,1481.283,2,27.3429,2,36.71136806,2,-122.1862086,2
1194465450,11/07/2007 19:57:30,2,vnta,883.19,2,4.168,2,34.457,2,0.3,2,88.47,2,1481.276,2,27.3439,2,36.71135993,2,-122.1861786,2
1194465465,11/07/2007 19:57:45,2,vnta,883.19,2,4.167,2,34.458,2,0.3,2,88.43,2,1481.273,2,27.3448,2,36.71136471,2,-122.18617885,2
1194465480,11/07/2007 19:58:00,2,vnta,883.19,2,4.172,2,34.458,2,0.3,2,88.48,2,1481.294,2,27.3443,2,36.71136953,2,-122.1861554,2
1194465495,11/07/2007 19:58:15,2,vnta,883.19,2,4.174,2,34.457,2,0.3,2,88.51,2,1481.301,2,27.3433,2,36.71136673,2,-122.18615406,2
1194465510,11/07/2007 19:58:30,2,vnta,883.19,2,4.181,2,34.455,2,0.3,2,88.5,2,1481.327,2,27.3409,2,36.7113694,2,-122.1861558,2
1194465525,11/07/2007 19:58:45,2,vnta,883.19,2,4.181,2,34.455,2,0.3,2,88.59,2,1481.327,2,27.3409,2,36.71136533,2,-122.18615353,2
1194465540,11/07/2007 19:59:00,2,vnta,883.19,2,4.179,2,34.455,2,0.3,2,88.61,2,1481.319,2,27.3411,2,36.71136213,2,-122.1861514,2
1194465555,11/07/2007 19:59:15,2,vnta,883.19,2,4.179,2,34.455,2,0.3,2,88.56,0,1481.319,2,27.3411,2,36.71136364,2,-122.18614857,2
1194465570,11/07/2007 19:59:30,2,vnta,883.19,2,4.181,2,34.455,2,0.3,2,88.58,2,1481.327,2,27.3409,2,36.7113666,2,-122.1861486,2
1194465585,11/07/2007 19:59:45,2,vnta,883.19,2,4.18,2,34.455,2,0.3,2,88.55,2,1481.323,2,27.341,2,36.71136473,2,-122.18615093,2
1194465600,11/07/2007 20:00:00,2,vnta,883.19,2,4.177,2,34.455,2,0.3,2,88.54,2,1481.31,2,27.3414,2,36.71136713,2,-122.18615026,2
1194465615,11/07/2007 20:00:15,2,vnta,883.19,2,4.176,2,34.455,2,0.3,2,88.55,2,1481.306,2,27.3415,2,36.71136993,2,-122.1861562,2
1194465630,11/07/2007 20:00:30,2,vnta,883.19,2,4.168,2,34.456,2,0.3,2,88.54,2,1481.274,2,27.3431,2,36.71136853,2,-122.18615426,2
1194465645,11/07/2007 20:00:45,2,vnta,883.19,2,4.166,2,34.457,2,0.3,2,88.55,2,1481.267,2,27.3441,2,36.71136535,2,-122.18614771,2
1194465660,11/07/2007 20:01:00,2,vnta,883.19,2,4.172,2,34.457,2,0.3,2,88.48,2,1481.292,2,27.3435,2,36.7113698,2,-122.1861524,2
1194465675,11/07/2007 20:01:15,2,vnta,883.19,2,4.174,2,34.456,2,0.3,2,88.48,2,1481.299,2,27.3425,2,36.71136393,2,-122.18615826,2
1194465690,11/07/2007 20:01:30,2,vnta,883.19,2,4.169,2,34.457,2,0.3,2,88.5,2,1481.28,2,27.3438,2,36.71135793,2,-122.18617453,2
1194465705,11/07/2007 20:01:45,2,vnta,883.19,2,4.172,2,34.456,2,0.3,2,88.51,2,1481.291,2,27.3427,2,36.71135326,2,-122.18618413,2
1194465720,11/07/2007 20:02:00,2,vnta,883.19,2,4.173,2,34.456,2,0.3,2,88.49,2,1481.295,2,27.3426,2,36.71134726,2,-122.1861876,2
1194465735,11/07/2007 20:02:15,2,vnta,883.19,2,4.171,2,34.457,2,0.3,2,88.5,2,1481.288,2,27.3436,2,36.7113452,2,-122.18619973,2
1194465750,11/07/2007 20:02:30,2,vnta,883.19,2,4.17,2,34.457,2,0.3,2,88.54,2,1481.284,2,27.3437,2,36.71133885,2,-122.18620514,2
1194465765,11/07/2007 20:02:45,2,vnta,883.19,2,4.174,2,34.456,2,0.3,2,88.56,2,1481.299,2,27.3425,2,36.71134006,2,-122.18621013,2
1194465780,11/07/2007 20:03:00,2,vnta,883.19,2,4.176,2,34.455,2,0.3,2,88.53,2,1481.306,2,27.3415,2,36.7113278,2,-122.18623606,2
1194465795,11/07/2007 20:03:15,2,vnta,883.19,2,4.175,2,34.455,2,0.3,2,88.58,2,1481.302,2,27.3416,2,36.71131413,2,-122.18624353,2
1194465810,11/07/2007 20:03:30,2,vnta,883.09,2,4.175,2,34.457,2,0.3,2,88.57,2,1481.303,2,27.3432,2,36.7112872,2,-122.1862344,2
1194465825,11/07/2007 20:03:45,2,vnta,883.09,2,4.175,2,34.457,2,0.3,2,88.56,2,1481.303,2,27.3432,2,36.71128386,2,-122.1862252,2
1194465840,11/07/2007 20:04:00,2,vnta,882,2,4.173,2,34.457,2,0.32,2,88.57,2,1481.277,2,27.3434,2,36.71131353,2,-122.18625333,2
1194465855,11/07/2007 20:04:15,2,vnta,881.51,2,4.179,2,34.455,2,0.31,2,88.54,2,1481.291,2,27.3411,2,36.71132185,2,-122.18622485,2
1194465870,11/07/2007 20:04:30,2,vnta,881.51,2,4.179,2,34.456,2,0.31,2,88.5,2,1481.292,2,27.3419,2,36.71133266,2,-122.18623526,2
1194465885,11/07/2007 20:04:45,2,vnta,881.7,2,4.173,2,34.457,2,0.31,2,88.45,2,1481.272,2,27.3433,2,36.71134753,2,-122.18621546,2
1194465900,11/07/2007 20:05:00,2,vnta,881.7,2,4.18,2,34.458,2,0.31,2,88.41,2,1481.302,2,27.3434,2,36.71136153,2,-122.1862132,2
1194465915,11/07/2007 20:05:15,2,vnta,881.7,2,4.179,2,34.455,2,0.31,2,88.48,2,1481.294,2,27.3411,2,36.711367,2,-122.18619946,2
1194465930,11/07/2007 20:05:30,2,vnta,880.91,2,4.174,2,34.455,2,0.31,2,88.5,2,1481.26,2,27.3417,2,36.7113642,2,-122.18620373,2
1194465945,11/07/2007 20:05:45,2,vnta,878.74,2,4.176,2,34.456,2,0.32,2,88.54,2,1481.233,2,27.3422,2,36.71135807,2,-122.18622692,2
1194465960,11/07/2007 20:06:00,2,vnta,874.09,2,4.184,2,34.456,2,0.34,2,88.52,2,1481.189,2,27.3413,2,36.71135786,2,-122.18623366,2
1194465975,11/07/2007 20:06:15,2,vnta,867.57,2,4.192,2,34.454,2,0.35,2,88.49,2,1481.11,2,27.3389,2,36.71134813,2,-122.18625093,2
1194465990,11/07/2007 20:06:30,2,vnta,865.1,2,4.198,2,34.452,2,0.32,2,88.52,2,1481.091,2,27.3366,2,36.71134673,2,-122.1862494,2
1194466005,11/07/2007 20:06:45,2,vnta,866.58,2,4.196,2,34.454,2,0.33,2,88.57,2,1481.11,2,27.3384,2,36.71135006,2,-122.1862462,2
1194466020,11/07/2007 20:07:00,2,vnta,865.2,2,4.189,2,34.454,2,0.32,2,88.52,2,1481.058,2,27.3392,2,36.71138613,2,-122.1861824,2
1194466035,11/07/2007 20:07:15,2,vnta,866.09,2,4.193,2,34.454,2,0.33,2,88.5,2,1481.09,2,27.3387,2,36.71143613,2,-122.18611133,2
1194466050,11/07/2007 20:07:30,2,vnta,871.23,2,4.189,2,34.454,2,0.34,2,88.48,2,1481.159,2,27.3392,2,36.71146121,2,-122.18608521,2
1194466065,11/07/2007 20:07:45,2,vnta,876.17,2,4.184,2,34.454,2,0.35,2,88.52,2,1481.221,2,27.3398,2,36.7114974,2,-122.18603693,2
1194466080,11/07/2007 20:08:00,2,vnta,877.95,2,4.18,2,34.456,2,0.33,2,88.53,2,1481.237,2,27.3418,2,36.71153326,2,-122.18598,2
1194466095,11/07/2007 20:08:15,2,vnta,878.54,2,4.181,2,34.455,2,0.32,2,88.52,2,1481.249,2,27.3409,2,36.71154713,2,-122.18596913,2
1194466110,11/07/2007 20:08:30,2,vnta,879.53,2,4.18,2,34.455,2,0.32,2,88.53,2,1481.262,2,27.341,2,36.71155326,2,-122.1859654,2
1194466125,11/07/2007 20:08:45,2,vnta,876.96,2,4.18,2,34.455,2,0.33,2,88.54,2,1481.219,2,27.341,2,36.71156833,2,-122.1859552,2
1194466140,11/07/2007 20:09:00,2,vnta,873.8,2,4.182,2,34.455,2,0.33,2,88.45,2,1481.174,2,27.3407,2,36.71157213,2,-122.1859568,2
1194466155,11/07/2007 20:09:15,2,vnta,877.16,2,4.185,2,34.456,2,0.32,2,88.46,2,1481.244,2,27.3413,2,36.71158428,2,-122.18595985,2
1194466170,11/07/2007 20:09:30,2,vnta,879.83,2,4.182,2,34.455,2,0.32,2,88.45,2,1481.275,2,27.3408,2,36.71160873,2,-122.18594266,2
1194466185,11/07/2007 20:09:45,2,vnta,879.23,2,4.18,2,34.456,2,0.31,2,88.52,2,1481.258,2,27.3418,2,36.71163086,2,-122.18589586,2
1194466200,11/07/2007 20:10:00,2,vnta,879.13,2,4.182,2,34.456,2,0.32,2,88.49,2,1481.265,2,27.3416,2,36.71166706,2,-122.18582886,2
1194466215,11/07/2007 20:10:15,2,vnta,879.13,2,4.181,2,34.455,2,0.32,2,88.45,2,1481.259,2,27.3409,2,36.71169426,2,-122.18576593,2
1194466230,11/07/2007 20:10:30,2,vnta,878.44,2,4.179,2,34.455,2,0.31,2,88.47,2,1481.239,2,27.3411,2,36.7117308,2,-122.18570006,2
1194466245,11/07/2007 20:10:45,2,vnta,878.74,2,4.183,2,34.455,2,0.31,2,88.47,2,1481.261,2,27.3407,2,36.71175635,2,-122.18564114,2
1194466260,11/07/2007 20:11:00,2,vnta,878.74,2,4.184,2,34.456,2,0.3,2,88.45,2,1481.266,2,27.3414,2,36.71179153,2,-122.18558326,2
1194466275,11/07/2007 20:11:15,2,vnta,878.44,2,4.186,2,34.455,2,0.31,2,88.44,2,1481.268,2,27.3404,2,36.7118066,2,-122.18554766,2
1194466290,11/07/2007 20:11:30,2,vnta,878.25,2,4.187,2,34.455,2,0.32,2,88.45,2,1481.269,2,27.3403,2,36.71185066,2,-122.18548533,2
1194466305,11/07/2007 20:11:45,2,vnta,878.15,2,4.187,2,34.454,2,0.31,2,88.46,2,1481.266,2,27.3395,2,36.71188186,2,-122.18542426,2
1194466320,11/07/2007 20:12:00,2,vnta,877.95,2,4.189,2,34.454,2,0.31,2,88.43,2,1481.271,2,27.3393,2,36.71191253,2,-122.18538613,2
1194466335,11/07/2007 20:12:15,2,vnta,877.85,2,4.189,2,34.455,2,0.31,2,88.43,2,1481.271,2,27.3401,2,36.71196521,2,-122.18534178,2
1194466350,11/07/2007 20:12:30,2,vnta,877.55,2,4.192,2,34.454,2,0.31,2,88.48,2,1481.277,2,27.3389,2,36.7119742,2,-122.185296,2
1194466365,11/07/2007 20:12:45,2,vnta,877.16,2,4.191,2,34.454,2,0.31,2,88.44,2,1481.266,2,27.3391,2,36.71201,2,-122.1852794,2
1194466380,11/07/2007 20:13:00,2,vnta,876.86,2,4.191,2,34.454,2,0.32,2,88.46,2,1481.262,2,27.3391,2,36.7120348,2,-122.18525866,2
1194466395,11/07/2007 20:13:15,2,vnta,875.87,2,4.195,2,34.454,2,0.31,2,88.43,2,1481.262,2,27.3386,2,36.7120596,2,-122.18521493,2
1194466410,11/07/2007 20:13:30,2,vnta,874.98,2,4.194,2,34.455,2,0.31,2,88.44,2,1481.244,2,27.3395,2,36.71209293,2,-122.18516153,2
1194466425,11/07/2007 20:13:45,2,vnta,874.98,2,4.195,2,34.454,2,0.33,2,88.48,2,1481.247,2,27.3386,2,36.7121154,2,-122.185119,2
1194466440,11/07/2007 20:14:00,2,vnta,874.88,2,4.197,2,34.454,2,0.32,2,88.49,2,1481.253,2,27.3384,2,36.71215457,2,-122.18506842,2
1194466455,11/07/2007 20:14:15,2,vnta,875.48,2,4.196,2,34.454,2,0.33,2,88.47,2,1481.259,2,27.3385,2,36.71218913,2,-122.18502653,2
1194466470,11/07/2007 20:14:30,2,vnta,874.88,2,4.198,2,34.453,2,0.31,2,88.39,2,1481.256,2,27.3375,2,36.71222586,2,-122.18494826,2
1194466485,11/07/2007 20:14:45,2,vnta,874.29,2,4.2,2,34.453,2,0.32,2,88.42,2,1481.255,2,27.3373,2,36.71226206,2,-122.18485866,2
1194466500,11/07/2007 20:15:00,2,vnta,874.09,2,4.2,2,34.453,2,0.33,2,88.42,2,1481.251,2,27.3373,2,36.71230006,2,-122.18478053,2
1194466515,11/07/2007 20:15:15,2,vnta,873.99,2,4.197,2,34.454,2,0.33,2,88.38,2,1481.238,2,27.3384,2,36.71232226,2,-122.18469913,2
1194466530,11/07/2007 20:15:30,2,vnta,873.9,2,4.2,2,34.454,2,0.34,2,88.4,2,1481.249,2,27.3381,2,36.71236273,2,-122.1846034,2
1194466545,11/07/2007 20:15:45,2,vnta,873.8,2,4.201,2,34.454,2,0.34,2,88.42,2,1481.252,2,27.338,2,36.71241607,2,-122.18450378,2
1194466560,11/07/2007 20:16:00,2,vnta,873.7,2,4.204,2,34.453,2,0.33,2,88.35,2,1481.261,2,27.3369,2,36.71242013,2,-122.1844628,2
1194466575,11/07/2007 20:16:15,2,vnta,871.62,2,4.207,2,34.453,2,0.32,2,88.42,2,1481.239,2,27.3365,2,36.71243286,2,-122.1844514,2
1194466590,11/07/2007 20:16:30,2,vnta,867.47,2,4.21,2,34.452,2,0.33,2,88.46,2,1481.181,2,27.3354,2,36.71244506,2,-122.184494,2
1194466605,11/07/2007 20:16:45,2,vnta,863.02,2,4.218,2,34.451,2,0.33,2,88.54,2,1481.138,2,27.3337,2,36.71248293,2,-122.18455626,2
1194466620,11/07/2007 20:17:00,2,vnta,859.27,2,4.224,2,34.451,2,0.34,2,88.6,2,1481.1,2,27.3331,2,36.71255233,2,-122.1846228,2
1194466635,11/07/2007 20:17:15,2,vnta,855.81,2,4.228,2,34.451,2,0.33,2,88.65,2,1481.059,2,27.3326,2,36.71261828,2,-122.18470157,2
1194466650,11/07/2007 20:17:30,2,vnta,852.05,2,4.232,2,34.449,2,0.33,2,88.69,2,1481.01,2,27.3306,2,36.71266533,2,-122.18475433,2
1194466665,11/07/2007 20:17:45,2,vnta,848.09,2,4.23,2,34.449,2,0.33,2,88.65,2,1480.936,2,27.3307,2,36.7127308,2,-122.1848654,2
1194466680,11/07/2007 20:18:00,2,vnta,844.24,2,4.241,2,34.449,2,0.33,2,88.73,2,1480.917,2,27.3296,2,36.71278746,2,-122.1849318,2
1194466695,11/07/2007 20:18:15,2,vnta,840.28,2,4.252,2,34.447,2,0.32,2,88.83,2,1480.894,2,27.3268,2,36.71285413,2,-122.18500373,2
1194466710,11/07/2007 20:18:30,2,vnta,836.23,2,4.266,2,34.447,2,0.32,2,88.88,2,1480.884,2,27.3253,2,36.71291,2,-122.1850808,2
1194466725,11/07/2007 20:18:45,2,vnta,832.28,2,4.267,2,34.447,2,0.32,2,88.9,2,1480.822,2,27.3251,2,36.712966,2,-122.18515753,2
1194466740,11/07/2007 20:19:00,2,vnta,828.32,2,4.274,2,34.446,2,0.32,2,88.93,2,1480.784,2,27.3236,2,36.71301442,2,-122.18523407,2
1194466755,11/07/2007 20:19:15,2,vnta,824.46,2,4.272,2,34.445,2,0.32,2,88.92,2,1480.71,2,27.3229,2,36.71306726,2,-122.18530513,2
1194466770,11/07/2007 20:19:30,2,vnta,819.42,2,4.289,2,34.444,2,0.32,2,88.87,2,1480.695,2,27.3203,2,36.71311093,2,-122.18537066,2
1194466785,11/07/2007 20:19:45,2,vnta,814.08,2,4.357,2,34.435,2,0.3,2,88.74,2,1480.876,2,27.3059,2,36.71315146,2,-122.18540013,2
1194466800,11/07/2007 20:20:00,2,vnta,809.34,2,4.387,2,34.433,2,0.3,2,88.83,2,1480.918,2,27.3011,2,36.713195,2,-122.1854152,2
1194466815,11/07/2007 20:20:15,2,vnta,805.58,2,4.409,2,34.429,2,0.27,2,88.83,2,1480.941,2,27.2955,2,36.7132238,2,-122.18542893,2
1194466830,11/07/2007 20:20:30,2,vnta,802.02,2,4.419,2,34.428,2,0.27,2,88.83,2,1480.922,2,27.2936,2,36.71327042,2,-122.18547528,2
1194466845,11/07/2007 20:20:45,2,vnta,798.36,2,4.425,2,34.427,2,0.26,2,88.82,2,1480.884,2,27.2922,2,36.71331053,2,-122.185569,2
1194466860,11/07/2007 20:21:00,2,vnta,793.81,2,4.428,2,34.427,2,0.29,2,88.85,2,1480.821,2,27.2918,2,36.713342,2,-122.1856262,2
1194466875,11/07/2007 20:21:15,2,vnta,787.58,2,4.433,2,34.426,2,0.3,2,88.84,2,1480.736,2,27.2904,2,36.71336873,2,-122.18565146,2
1194466890,11/07/2007 20:21:30,2,vnta,781.15,2,4.451,2,34.425,2,0.29,2,88.85,2,1480.702,2,27.2876,2,36.71339913,2,-122.18567106,2
1194466905,11/07/2007 20:21:45,2,vnta,777.2,2,4.453,2,34.425,2,0.27,2,88.84,2,1480.644,2,27.2874,2,36.71347366,2,-122.18577226,2
1194466920,11/07/2007 20:22:00,2,vnta,772.25,2,4.453,2,34.425,2,0.28,2,88.83,2,1480.561,2,27.2873,2,36.71343826,2,-122.18585233,2
1194466935,11/07/2007 20:22:15,2,vnta,766.22,2,4.466,2,34.423,2,0.29,2,88.83,2,1480.512,2,27.2843,2,36.71344292,2,-122.185733,2
1194466950,11/07/2007 20:22:30,2,vnta,759.2,2,4.471,2,34.422,2,0.29,2,88.8,2,1480.414,2,27.2829,2,36.71338193,2,-122.18577473,2
1194466965,11/07/2007 20:22:45,2,vnta,752.18,2,4.483,2,34.42,2,0.29,2,88.79,2,1480.343,2,27.2799,2,36.71337753,2,-122.1856534,2
1194466980,11/07/2007 20:23:00,2,vnta,745.35,2,4.495,2,34.419,2,0.29,2,88.75,2,1480.278,2,27.2778,2,36.71338546,2,-122.185656,2
1194466995,11/07/2007 20:23:15,2,vnta,738.82,2,4.553,2,34.413,2,0.29,2,88.72,2,1480.4,2,27.2667,2,36.71335626,2,-122.18565146,2
1194467010,11/07/2007 20:23:30,2,vnta,731.21,2,4.628,2,34.401,2,0.29,2,88.77,2,1480.567,2,27.2489,2,36.71338686,2,-122.18563233,2
1194467025,11/07/2007 20:23:45,2,vnta,725.07,2,4.698,2,34.393,2,0.27,2,88.84,2,1480.742,2,27.2348,2,36.71335813,2,-122.1856204,2
1194467040,11/07/2007 20:24:00,2,vnta,719.53,2,4.756,2,34.381,2,0.27,2,88.93,2,1480.872,2,27.2188,2,36.71333785,2,-122.18556614,2
1194467055,11/07/2007 20:24:15,2,vnta,714.29,2,4.776,2,34.378,2,0.27,2,88.93,2,1480.862,2,27.2142,2,36.71336633,2,-122.18553906,2
1194467070,11/07/2007 20:24:30,2,vnta,708.85,2,4.808,2,34.376,2,0.27,2,88.88,2,1480.9,2,27.209,2,36.7133098,2,-122.185412,2
1194467085,11/07/2007 20:24:45,2,vnta,703.61,2,4.828,2,34.37,2,0.27,2,88.87,2,1480.887,2,27.2019,2,36.7133658,2,-122.18548073,2
1194467100,11/07/2007 20:25:00,2,vnta,699.75,2,4.839,2,34.369,2,0.27,2,88.99,2,1480.866,2,27.1998,2,36.71331113,2,-122.18549246,2
1194467115,11/07/2007 20:25:15,2,vnta,695.1,2,4.865,2,34.365,2,0.27,2,89.17,2,1480.89,2,27.1937,2,36.7132872,2,-122.185431,2
1194467130,11/07/2007 20:25:30,2,vnta,688.77,2,4.897,2,34.359,2,0.27,2,89.16,2,1480.908,2,27.1853,2,36.71317914,2,-122.18546442,2
1194467145,11/07/2007 20:25:45,2,vnta,683.32,2,4.911,2,34.357,2,0.27,2,89.17,2,1480.871,2,27.1821,2,36.7131672,2,-122.18549153,2
1194467160,11/07/2007 20:26:00,2,vnta,677.78,2,4.92,2,34.357,2,0.27,2,89.16,2,1480.816,2,27.181,2,36.71311946,2,-122.18536713,2
1194467175,11/07/2007 20:26:15,2,vnta,671.85,2,4.939,2,34.356,2,0.27,2,89.12,2,1480.793,2,27.178,2,36.71316106,2,-122.18539966,2
1194467190,11/07/2007 20:26:30,2,vnta,666.01,2,4.946,2,34.355,2,0.28,2,89.08,2,1480.723,2,27.1764,2,36.71310966,2,-122.1853714,2
1194467205,11/07/2007 20:26:45,2,vnta,660.67,2,4.956,2,34.353,2,0.28,2,89.06,2,1480.672,2,27.1736,2,36.71306286,2,-122.18537166,2
1194467220,11/07/2007 20:27:00,2,vnta,655.03,2,4.977,2,34.348,2,0.28,2,89.11,2,1480.658,2,27.1672,2,36.7130644,2,-122.18529333,2
1194467235,11/07/2007 20:27:15,2,vnta,649.48,2,4.996,2,34.34,2,0.28,2,89.26,2,1480.632,2,27.1586,2,36.71303371,2,-122.18524957,2
1194467250,11/07/2007 20:27:30,2,vnta,644.14,2,5.006,2,34.338,2,0.28,2,89.27,2,1480.582,2,27.1559,2,36.71300553,2,-122.18518253,2
1194467265,11/07/2007 20:27:45,2,vnta,638.9,2,5.024,2,34.338,2,0.28,2,89.21,2,1480.567,2,27.1538,2,36.7129644,2,-122.18511113,2
1194467280,11/07/2007 20:28:00,2,vnta,633.45,2,5.06,2,34.33,2,0.29,2,89.21,2,1480.613,2,27.1432,2,36.71295906,2,-122.18506166,2
1194467295,11/07/2007 20:28:15,2,vnta,628.01,2,5.082,2,34.327,2,0.29,2,89.24,2,1480.608,2,27.1383,2,36.712921,2,-122.1850206,2
1194467310,11/07/2007 20:28:30,2,vnta,621.97,2,5.13,2,34.319,2,0.3,2,89.32,2,1480.692,2,27.1264,2,36.71290073,2,-122.18496566,2
1194467325,11/07/2007 20:28:45,2,vnta,616.23,2,5.182,2,34.315,2,0.3,2,89.3,2,1480.803,2,27.1171,2,36.71285635,2,-122.18492521,2
1194467340,11/07/2007 20:29:00,2,vnta,610.79,2,5.206,2,34.311,2,0.32,2,89.28,2,1480.805,2,27.1111,2,36.7128224,2,-122.18480626,2
1194467355,11/07/2007 20:29:15,2,vnta,605.54,2,5.228,2,34.306,2,0.32,2,89.29,2,1480.8,2,27.1045,2,36.71285053,2,-122.1847572,2
1194467370,11/07/2007 20:29:30,2,vnta,600.49,2,5.239,2,34.302,2,0.33,2,89.34,2,1480.755,2,27.1,2,36.71277193,2,-122.18475753,2
1194467385,11/07/2007 20:29:45,2,vnta,594.36,2,5.273,2,34.296,2,0.33,2,89.35,2,1480.783,2,27.0912,2,36.712747,2,-122.18470686,2
1194467400,11/07/2007 20:30:00,2,vnta,588.02,2,5.295,2,34.289,2,0.35,2,89.36,2,1480.758,2,27.083,2,36.71264133,2,-122.1846492,2
1194467415,11/07/2007 20:30:15,2,vnta,581.79,2,5.298,2,34.282,2,0.35,2,89.41,2,1480.657,2,27.0771,2,36.71270673,2,-122.18453833,2
1194467430,11/07/2007 20:30:30,2,vnta,574.86,2,5.305,2,34.265,2,0.37,2,89.51,2,1480.548,2,27.0627,2,36.712647,2,-122.18453314,2
1194467445,11/07/2007 20:30:45,2,vnta,568.32,2,5.314,2,34.256,2,0.39,2,89.56,2,1480.465,2,27.0545,2,36.7126258,2,-122.18448266,2
1194467460,11/07/2007 20:31:00,2,vnta,561.2,2,5.324,2,34.256,2,0.41,2,89.58,2,1480.386,2,27.0532,2,36.71254393,2,-122.18454413,2
1194467475,11/07/2007 20:31:15,2,vnta,554.96,2,5.37,2,34.253,2,0.41,2,89.59,2,1480.465,2,27.0454,2,36.71258426,2,-122.1844776,2
1194467490,11/07/2007 20:31:30,2,vnta,548.92,2,5.39,2,34.254,2,0.42,2,89.58,2,1480.446,2,27.0437,2,36.71262933,2,-122.1844484,2
1194467505,11/07/2007 20:31:45,2,vnta,542.48,2,5.457,2,34.257,2,0.43,2,89.59,2,1480.613,2,27.0381,2,36.71258273,2,-122.1843664,2
1194467520,11/07/2007 20:32:00,2,vnta,536.25,2,5.612,2,34.266,2,0.44,2,89.6,2,1481.145,2,27.0265,2,36.71256585,2,-122.18433964,2
1194467535,11/07/2007 20:32:15,2,vnta,529.51,2,5.719,2,34.272,2,0.44,2,89.6,2,1481.47,2,27.0182,2,36.71255426,2,-122.1843008,2
1194467550,11/07/2007 20:32:30,2,vnta,522.58,2,5.788,2,34.271,2,0.44,2,89.6,2,1481.629,2,27.0089,2,36.71251666,2,-122.18425793,2
1194467565,11/07/2007 20:32:45,2,vnta,515.85,2,5.855,2,34.268,2,0.45,2,89.59,2,1481.781,2,26.9982,2,36.71250893,2,-122.18420086,2
1194467580,11/07/2007 20:33:00,2,vnta,508.72,2,5.961,2,34.282,2,0.47,2,89.6,2,1482.103,2,26.996,2,36.71247526,2,-122.18417533,2
1194467595,11/07/2007 20:33:15,2,vnta,501.69,2,6.078,2,34.283,2,0.46,2,89.6,2,1482.452,2,26.982,2,36.7124586,2,-122.1841176,2
1194467610,11/07/2007 20:33:30,2,vnta,494.46,2,6.18,2,34.293,2,0.45,2,89.6,2,1482.749,2,26.9769,2,36.71243013,2,-122.18407693,2
1194467625,11/07/2007 20:33:45,2,vnta,487.63,2,6.221,2,34.28,2,0.45,2,89.6,2,1482.781,2,26.9613,2,36.7124005,2,-122.18402657,2
1194467640,11/07/2007 20:34:00,2,vnta,480.69,2,6.243,2,34.271,2,0.48,2,89.6,2,1482.742,2,26.9513,2,36.71238113,2,-122.18401853,2
1194467655,11/07/2007 20:34:15,2,vnta,472.77,2,6.342,2,34.272,2,0.51,2,89.6,2,1483.002,2,26.9392,2,36.71235733,2,-122.18395186,2
1194467670,11/07/2007 20:34:30,2,vnta,465.44,2,6.425,2,34.267,2,0.53,2,89.59,2,1483.201,2,26.9244,2,36.71236,2,-122.1839028,2
1194467685,11/07/2007 20:34:45,2,vnta,457.91,2,6.465,2,34.269,2,0.54,2,89.58,2,1483.236,2,26.9207,2,36.7123276,2,-122.18384986,2
1194467700,11/07/2007 20:35:00,2,vnta,449.79,2,6.492,2,34.263,2,0.56,2,89.58,2,1483.199,2,26.9123,2,36.7123244,2,-122.18378386,2
1194467715,11/07/2007 20:35:15,2,vnta,442.46,2,6.506,2,34.249,2,0.58,2,89.58,2,1483.115,2,26.8993,2,36.7123048,2,-122.18377473,2
1194467730,11/07/2007 20:35:30,2,vnta,434.93,2,6.518,2,34.237,2,0.64,2,89.58,0,1483.021,2,26.8882,2,36.7123165,2,-122.18369378,2
1194467745,11/07/2007 20:35:45,2,vnta,427.7,2,6.555,2,34.232,2,0.67,2,89.58,2,1483.04,2,26.8793,2,36.71231193,2,-122.18361693,2
1194467760,11/07/2007 20:36:00,2,vnta,419.98,2,6.606,2,34.231,2,0.7,2,89.58,2,1483.11,2,26.8717,2,36.71228833,2,-122.1836006,2
1194467775,11/07/2007 20:36:15,2,vnta,414.33,2,6.593,2,34.226,2,0.68,2,89.57,2,1482.959,2,26.8694,2,36.7122674,2,-122.183547,2
1194467790,11/07/2007 20:36:30,2,vnta,411.75,2,6.645,2,34.226,2,0.67,2,89.58,2,1483.12,2,26.8625,2,36.7122322,2,-122.18351306,2
1194467805,11/07/2007 20:36:45,2,vnta,403.93,2,6.706,2,34.216,2,0.75,2,89.56,2,1483.216,2,26.8463,2,36.71215286,2,-122.18351586,2
1194467820,11/07/2007 20:37:00,2,vnta,395.8,2,6.63,2,34.164,2,0.85,2,89.58,2,1482.718,2,26.8153,2,36.71210333,2,-122.183476,2
1194467835,11/07/2007 20:37:15,2,vnta,387.48,2,6.635,2,34.148,2,1.01,2,89.61,2,1482.58,2,26.8019,2,36.71210571,2,-122.18341657,2
1194467850,11/07/2007 20:37:30,2,vnta,379.75,2,6.73,2,34.147,2,1.09,2,89.62,2,1482.822,2,26.7884,2,36.71208666,2,-122.1833646,2
1194467865,11/07/2007 20:37:45,2,vnta,371.13,2,6.959,2,34.17,2,1.15,2,89.6,2,1483.599,2,26.7756,2,36.71208753,2,-122.18333606,2
1194467880,11/07/2007 20:38:00,2,vnta,362.41,2,7.186,2,34.187,2,1.12,2,89.59,2,1484.355,2,26.7576,2,36.71203913,2,-122.18330353,2
1194467895,11/07/2007 20:38:15,2,vnta,354.18,2,7.509,2,34.224,2,1.08,2,89.58,2,1485.507,2,26.7412,2,36.71204526,2,-122.18324853,2
1194467910,11/07/2007 20:38:30,2,vnta,345.86,2,7.625,2,34.231,2,1.02,2,89.57,2,1485.821,2,26.73,2,36.7120322,2,-122.1832268,2
1194467925,11/07/2007 20:38:45,2,vnta,338.13,2,7.616,2,34.212,2,1.03,2,89.56,2,1485.635,2,26.7163,2,36.71204635,2,-122.18316064,2
1194467940,11/07/2007 20:39:00,2,vnta,330.1,2,7.575,2,34.194,2,1.13,2,89.58,2,1485.322,2,26.7079,2,36.71202053,2,-122.18315593,2
1194467955,11/07/2007 20:39:15,2,vnta,322.27,2,7.568,2,34.185,2,1.21,2,89.58,2,1485.154,2,26.7017,2,36.71204226,2,-122.18308366,2
1194467970,11/07/2007 20:39:30,2,vnta,314.15,2,7.453,2,34.149,2,1.31,2,89.6,2,1484.534,2,26.6896,2,36.71201813,2,-122.1830646,2
1194467985,11/07/2007 20:39:45,2,vnta,305.92,2,7.493,2,34.139,2,1.45,2,89.57,2,1484.538,2,26.676,2,36.71199093,2,-122.1829888,2
1194468000,11/07/2007 20:40:00,2,vnta,298.09,2,7.527,2,34.136,2,1.54,2,89.59,2,1484.535,2,26.6686,2,36.71195093,2,-122.1829614,2
1194468015,11/07/2007 20:40:15,2,vnta,289.76,2,7.613,2,34.147,2,1.52,2,89.57,2,1484.739,2,26.6649,2,36.71193393,2,-122.1829244,2
1194468030,11/07/2007 20:40:30,2,vnta,281.43,2,7.673,2,34.141,2,1.52,2,89.57,2,1484.823,2,26.6514,2,36.71191264,2,-122.18289014,2
1194468045,11/07/2007 20:40:45,2,vnta,273.7,2,7.686,2,34.119,2,1.62,2,89.57,2,1484.716,2,26.6321,2,36.71190686,2,-122.18284713,2
1194468060,11/07/2007 20:41:00,2,vnta,265.57,2,7.824,2,34.122,2,1.72,2,89.56,2,1485.111,2,26.6144,2,36.71188513,2,-122.1828146,2
1194468075,11/07/2007 20:41:15,2,vnta,257.34,2,7.977,2,34.12,2,1.76,2,89.55,2,1485.552,2,26.5902,2,36.71186966,2,-122.1827746,2
1194468090,11/07/2007 20:41:30,2,vnta,249.31,2,8.079,2,34.114,2,1.8,2,89.54,2,1485.797,2,26.5703,2,36.71184933,2,-122.18273586,2
1194468105,11/07/2007 20:41:45,2,vnta,241.18,2,8.145,2,34.11,2,1.79,2,89.53,2,1485.906,2,26.5572,2,36.7118246,2,-122.1826916,2
1194468120,11/07/2007 20:42:00,2,vnta,233.55,2,8.175,2,34.099,2,1.85,2,89.52,2,1485.879,2,26.544,2,36.71182486,2,-122.18263413,2
1194468135,11/07/2007 20:42:15,2,vnta,225.91,2,8.244,2,34.095,2,1.92,2,89.52,2,1486.007,2,26.5304,2,36.71181471,2,-122.18258257,2
1194468150,11/07/2007 20:42:30,2,vnta,218.77,2,8.298,2,34.094,2,1.95,2,89.48,2,1486.091,2,26.5213,2,36.711817,2,-122.1825176,2
1194468165,11/07/2007 20:42:45,2,vnta,210.94,2,8.371,2,34.087,2,1.97,2,89.5,2,1486.226,2,26.5047,2,36.71182153,2,-122.18247746,2
1194468180,11/07/2007 20:43:00,2,vnta,202.41,2,8.444,2,34.077,2,2.02,2,89.49,2,1486.345,2,26.4856,2,36.7117758,2,-122.182406,2
1194468195,11/07/2007 20:43:15,2,vnta,194.08,2,8.485,2,34.057,2,2.09,2,89.47,2,1486.336,2,26.4635,2,36.71175193,2,-122.18240973,2
1194468210,11/07/2007 20:43:30,2,vnta,185.85,2,8.539,2,34.037,2,2.19,2,89.5,2,1486.376,2,26.4394,2,36.71169813,2,-122.18238073,2
1194468225,11/07/2007 20:43:45,2,vnta,178.01,2,8.577,2,34.024,2,2.25,2,89.49,2,1486.372,2,26.4233,2,36.71167014,2,-122.18234335,2
1194468240,11/07/2007 20:44:00,2,vnta,171.37,2,8.645,2,34.006,2,2.27,2,89.47,2,1486.493,2,26.3986,2,36.7116662,2,-122.18227333,2
1194468255,11/07/2007 20:44:15,2,vnta,163.23,2,8.725,2,33.977,2,2.4,2,89.44,2,1486.62,2,26.3633,2,36.71162486,2,-122.18224506,2
1194468270,11/07/2007 20:44:30,2,vnta,155,2,8.739,2,33.937,2,2.49,2,89.43,2,1486.486,2,26.3296,2,36.71165113,2,-122.18217013,2
1194468285,11/07/2007 20:44:45,2,vnta,146.77,2,8.688,2,33.871,2,2.82,2,89.4,2,1486.079,2,26.2857,2,36.7116426,2,-122.1821346,2
1194468300,11/07/2007 20:45:00,2,vnta,138.43,2,8.723,2,33.824,2,3.05,2,89.38,2,1486.013,2,26.2433,2,36.71163993,2,-122.18210246,2
1194468315,11/07/2007 20:45:15,2,vnta,130.3,2,8.835,2,33.763,2,3.28,2,89.33,2,1486.219,2,26.178,2,36.7116088,2,-122.1820662,2
1194468330,11/07/2007 20:45:30,2,vnta,122.16,2,9.022,2,33.737,2,3.43,2,89.32,2,1486.744,2,26.1281,2,36.71157914,2,-122.18203321,2
1194468345,11/07/2007 20:45:45,2,vnta,114.72,2,9.16,2,33.721,2,3.4,2,89.28,2,1487.11,2,26.0935,2,36.71154513,2,-122.1820018,2
1194468360,11/07/2007 20:46:00,2,vnta,106.79,2,9.353,2,33.671,2,3.55,2,89.26,2,1487.625,2,26.0233,2,36.7115662,2,-122.1819752,2
1194468375,11/07/2007 20:46:15,2,vnta,98.05,2,9.95,2,33.57,2,3.78,2,89.19,2,1489.527,2,25.8461,2,36.71158846,2,-122.1819136,2
1194468390,11/07/2007 20:46:30,2,vnta,89.62,2,10.19,2,33.487,2,4.07,2,89.1,2,1490.149,2,25.7407,2,36.71160733,2,-122.1818554,2
1194468405,11/07/2007 20:46:45,2,vnta,81.29,2,10.412,2,33.455,2,4.22,2,89.07,2,1490.766,2,25.6776,2,36.71159393,2,-122.18181166,2
1194468420,11/07/2007 20:47:00,2,vnta,73.25,2,10.853,2,33.391,2,4.47,2,88.85,2,1492.12,2,25.5508,2,36.71157314,2,-122.18174514,2
1194468435,11/07/2007 20:47:15,2,vnta,65.11,2,11.356,2,33.381,2,4.7,2,88.65,2,1493.737,2,25.4528,2,36.71159793,2,-122.181699,2
1194468450,11/07/2007 20:47:30,2,vnta,56.77,2,12.115,2,33.332,2,5.08,2,88.38,2,1496.159,2,25.274,2,36.71159086,2,-122.18164686,2
1194468465,11/07/2007 20:47:45,2,vnta,48.44,2,12.611,2,33.316,2,5.4,2,88.19,2,1497.686,2,25.1665,2,36.71156073,2,-122.1816098,2
1194468480,11/07/2007 20:48:00,2,vnta,40.2,2,13.137,2,33.284,2,5.61,2,87.81,2,1499.275,2,25.0382,2,36.7115266,2,-122.18154966,2
1194468495,11/07/2007 20:48:15,2,vnta,31.86,2,13.46,2,33.27,2,5.74,2,87.49,2,1500.191,2,24.9625,2,36.71148233,2,-122.18150166,2
1194468510,11/07/2007 20:48:30,2,vnta,23.33,2,14.142,2,33.24,2,5.69,2,86.95,2,1502.248,2,24.7991,2,36.71145793,2,-122.1814242,2
1194468525,11/07/2007 20:48:45,2,vnta,16.97,2,13.914,2,33.239,2,5.64,2,87.13,2,1501.398,2,24.8454,2,36.71141057,2,-122.18136014,2
1194468540,11/07/2007 20:49:00,2,vnta,16.48,2,13.953,2,33.284,2,5.67,2,87.03,2,1501.57,2,24.8721,2,36.71141506,2,-122.1812812,2
1194468555,11/07/2007 20:49:15,2,vnta,16.48,2,14.745,2,33.218,2,5.61,2,86.78,2,1504.05,2,24.6546,2,36.71140453,2,-122.18123146,2
1194468570,11/07/2007 20:49:30,2,vnta,16.48,2,15.086,2,33.142,2,5.62,2,86.63,0,1505.047,2,24.5225,2,36.71138393,2,-122.1811508,2
1194468585,11/07/2007 20:49:45,2,vnta,16.58,2,15.093,2,33.161,2,5.62,2,86.72,2,1505.093,2,24.5356,2,36.71136893,2,-122.18110246,2
1194468600,11/07/2007 20:50:00,2,vnta,16.48,2,15.074,2,33.149,2,5.62,2,86.66,2,1505.017,2,24.5305,2,36.711357,2,-122.18104,2
1194468615,11/07/2007 20:50:15,2,vnta,16.48,2,15.06,2,33.147,2,5.62,2,86.59,0,1504.971,2,24.532,2,36.711357,2,-122.18104,2
1194468630,11/07/2007 20:50:30,2,vnta,16.48,2,15.047,2,33.165,2,5.62,2,86.62,2,1504.95,2,24.5487,2,36.711357,2,-122.18104,2
1194468645,11/07/2007 20:50:45,2,vnta,16.48,2,15.059,2,33.156,2,5.62,2,86.64,2,1504.978,2,24.5391,2,36.7113026,2,-122.18097366,2
1194468660,11/07/2007 20:51:00,2,vnta,16.48,2,15.079,2,33.172,2,5.63,2,86.53,0,1505.06,2,24.5471,2,36.7111606,2,-122.180819,2
1194468675,11/07/2007 20:51:15,2,vnta,16.48,2,15.105,2,33.152,2,5.63,2,86.62,0,1505.119,2,24.5261,2,36.71112326,2,-122.18074213,2
1194468690,11/07/2007 20:51:30,2,vnta,16.38,2,15.079,2,33.172,2,5.64,2,86.61,2,1505.058,2,24.5471,2,36.711089,2,-122.18071773,2
1194468705,11/07/2007 20:51:45,2,vnta,16.38,2,15.161,2,33.151,2,5.63,2,86.71,2,1505.293,2,24.5131,2,36.711067,2,-122.1806442,2
1194468720,11/07/2007 20:52:00,2,vnta,16.18,2,15.157,2,33.154,2,5.64,2,86.4,2,1505.281,2,24.5163,2,36.71102314,2,-122.180573,2
1194468735,11/07/2007 20:52:15,2,vnta,14.39,2,15.208,2,33.143,2,5.65,2,86.22,2,1505.4,2,24.4967,2,36.71098213,2,-122.18053326,2
