4.57	13.776	32.791	5.4
10.52	13.776	32.799	5.4
15.09	13.775	32.803	5.4
17.57	13.774	32.806	5.4
19.16	13.773	32.807	5.4
22.73	13.773	32.806	5.4
24.52	13.773	32.807	5.41
27.6	13.773	32.808	5.41
27.5	13.773	32.807	5.41
31.66	13.773	32.807	5.41
34.84	13.773	32.806	5.41
36.43	13.771	32.807	5.41
39.11	13.771	32.807	5.41
40.4	13.773	32.807	5.41
39.8	13.77	32.807	5.4
42.09	13.764	32.806	5.41
47.74	13.677	32.812	5.41
52.21	13.281	32.898	5.33
55.88	12.975	33.005	5.2
59.45	12.587	33.065	5.04
63.03	11.849	33.199	4.83
67.19	11.143	33.212	4.51
70.77	10.91	33.157	4.37
75.53	10.662	33.183	4.28
80.69	10.265	33.282	4.09
89.32	10.165	33.322	4.04
98.75	9.931	33.418	3.94
106.89	9.792	33.452	3.74
111.15	9.48	33.523	3.59
115.52	9.276	33.581	3.37
121.17	9.252	33.589	3.33
127.72	9.211	33.637	3.23
134.07	9.137	33.702	3.17
140.81	9.143	33.789	2.82
145.68	9.143	33.789	2.65
147.16	9.137	33.811	2.6
151.83	9.121	33.837	2.48
158.27	9.111	33.862	2.38
164.82	8.993	33.887	2.41
170.47	8.832	33.894	2.57
175.73	8.708	33.882	2.74
180.29	8.581	33.883	2.84
185.75	8.498	33.895	2.82
192.89	8.481	33.944	2.59
202.61	8.46	33.959	2.36
212.72	8.214	33.961	2.39
220.36	8.223	33.944	2.41
226.01	8.051	33.95	2.37
233.05	7.692	33.973	2.49
238.8	7.531	33.964	2.58
245.25	7.479	33.918	2.61
255.16	7.322	33.954	2.58
265.47	7.246	33.97	2.34
275.88	7.096	33.98	2.1
285.5	6.857	33.986	1.94
293.23	6.915	34.02	1.73
300.07	6.904	34.023	1.6
306.71	6.871	34.026	1.54
313.05	6.737	34.027	1.53
317.12	6.592	34.013	1.53
320.19	6.557	34.018	1.49
325.35	6.535	34.025	1.43
331.69	6.43	34.031	1.37
337.54	6.402	34.035	1.31
343.88	6.383	34.041	1.27
353.29	6.448	34.063	1.17
364.19	6.428	34.075	1.06
375.49	6.378	34.082	1
386.69	6.287	34.1	0.92
397.88	6.218	34.118	0.82
408.48	6.153	34.13	0.75
410.27	6.136	34.134	0.72
411.36	6.112	34.134	0.69
413.54	6.102	34.134	0.68
417.9	6.047	34.135	0.67
424.33	6.017	34.135	0.66
433.55	6.001	34.14	0.64
443.85	5.954	34.144	0.62
454.45	5.903	34.151	0.59
465.54	5.872	34.154	0.57
476.53	5.817	34.155	0.55
487.43	5.757	34.164	0.52
498.52	5.73	34.175	0.49
508.42	5.687	34.182	0.46
517.14	5.628	34.185	0.44
524.37	5.547	34.197	0.41
531.99	5.5	34.204	0.39
540.31	5.449	34.214	0.37
548.92	5.402	34.222	0.35
556.64	5.376	34.224	0.33
564.66	5.354	34.232	0.32
572.58	5.33	34.234	0.31
581.49	5.312	34.23	0.31
590.2	5.26	34.241	0.3
598.71	5.199	34.244	0.29
607.92	5.18	34.247	0.28
615.34	5.175	34.249	0.27
622.76	5.14	34.261	0.27
629.89	5.131	34.263	0.26
635.83	5.126	34.258	0.26
642.76	5.106	34.266	0.26
650.57	5.086	34.271	0.25
658.79	5.055	34.277	0.25
666.9	5.036	34.28	0.24
676.1	4.979	34.29	0.24
684.02	4.951	34.295	0.24
690.75	4.934	34.296	0.23
696.58	4.92	34.301	0.23
702.02	4.883	34.308	0.23
707.86	4.864	34.307	0.23
716.17	4.827	34.31	0.23
726.76	4.773	34.318	0.23
737.64	4.718	34.326	0.23
749.11	4.704	34.33	0.24
759.89	4.666	34.332	0.24
768.4	4.638	34.34	0.24
776.6	4.609	34.344	0.24
786.69	4.571	34.347	0.25
797.57	4.535	34.351	0.25
808.15	4.49	34.355	0.26
817.74	4.426	34.36	0.27
823.67	4.412	34.364	0.27
831.88	4.428	34.375	0.28
840.78	4.407	34.381	0.3
850.37	4.403	34.386	0.31
860.95	4.365	34.385	0.32
872.12	4.312	34.391	0.32
882.4	4.307	34.397	0.33
891.39	4.283	34.401	0.34
900.58	4.245	34.397	0.35
908.79	4.185	34.401	0.35
916.3	4.147	34.403	0.35
922.52	4.123	34.405	0.36
929.54	4.105	34.408	0.37
937.05	4.084	34.411	0.38
946.44	4.079	34.415	0.39
957.01	4.04	34.416	0.39
967.49	4	34.417	0.39
977.86	3.988	34.415	0.4
987.74	3.942	34.42	0.41
998.11	3.917	34.425	0.42
1008.09	3.915	34.426	0.44
1018.07	3.889	34.429	0.45
1026.96	3.845	34.429	0.44
1034.17	3.821	34.432	0.45
1040.98	3.797	34.433	0.46
1049.18	3.786	34.432	0.46
1058.37	3.764	34.434	0.47
1068.14	3.721	34.438	0.47
1078.12	3.699	34.44	0.49
1087.8	3.684	34.441	0.49
1096.58	3.663	34.444	0.5
1103.99	3.647	34.445	0.51
1112.48	3.636	34.445	0.51
1121.37	3.626	34.446	0.52
1131.14	3.608	34.448	0.52
1141.01	3.596	34.448	0.53
1150.69	3.566	34.451	0.54
1153.75	3.562	34.451	0.54
1153.35	3.558	34.454	0.54
1153.35	3.554	34.452	0.55
1155.63	3.549	34.453	0.55
1156.91	3.549	34.454	0.55
1157.2	3.551	34.453	0.55
1157.5	3.548	34.453	0.55
1157.6	3.547	34.452	0.55
1156.91	3.548	34.453	0.55
1156.51	3.55	34.452	0.55
1158.78	3.535	34.453	0.55
1159.38	3.529	34.455	0.55
1162.34	3.518	34.455	0.56
1165.3	3.508	34.457	0.56
1165.2	3.508	34.457	0.56
1165.79	3.508	34.456	0.56
1171.72	3.502	34.456	0.57
1181.39	3.493	34.457	0.57
1191.75	3.479	34.457	0.57
1200.73	3.45	34.459	0.58
1207.74	3.434	34.461	0.58
1215.64	3.421	34.462	0.59
1222.94	3.398	34.463	0.59
1230.54	3.393	34.465	0.6
1238.14	3.373	34.468	0.62
1245.93	3.334	34.468	0.64
1253.33	3.306	34.471	0.64
1261.23	3.296	34.471	0.64
1268.82	3.277	34.473	0.65
1276.12	3.255	34.476	0.66
1280.96	3.254	34.477	0.67
1286.38	3.251	34.476	0.67
1295.46	3.249	34.477	0.68
1305.62	3.246	34.477	0.68
1316.37	3.21	34.476	0.69
1327.32	3.166	34.484	0.72
1338.27	3.148	34.485	0.73
1349.41	3.111	34.489	0.75
1359.97	3.092	34.49	0.76
1369.73	3.078	34.492	0.77
1379.99	3.038	34.493	0.79
1389.06	3.017	34.498	0.81
1398.92	3.004	34.498	0.82
1408.68	2.99	34.499	0.82
1418.44	2.942	34.499	0.84
1428	2.93	34.503	0.86
1438.06	2.924	34.504	0.86
1448.12	2.902	34.506	0.87
1458.27	2.885	34.507	0.89
1468.03	2.874	34.508	0.89
1477.19	2.866	34.509	0.9
1487.45	2.858	34.509	0.9
1497.5	2.846	34.51	0.91
1507.55	2.825	34.512	0.92
1517.41	2.803	34.515	0.94
1527.46	2.8	34.514	0.94
1537.61	2.798	34.515	0.94
1547.66	2.784	34.514	0.95
1557.12	2.767	34.516	0.96
1566.57	2.736	34.518	0.98
1577.12	2.715	34.521	0.99
1586.77	2.691	34.523	1
1596.92	2.665	34.525	1.02
1606.97	2.639	34.524	1.02
1616.91	2.628	34.525	1.03
1626.86	2.623	34.526	1.04
1637.01	2.605	34.528	1.05
1646.95	2.583	34.532	1.07
1656.21	2.561	34.532	1.09
1666.26	2.548	34.534	1.11
1676.1	2.532	34.535	1.12
1686.44	2.512	34.537	1.14
1696.39	2.494	34.538	1.15
1706.04	2.483	34.541	1.16
1715.98	2.473	34.542	1.18
1726.32	2.465	34.543	1.19
1736.26	2.44	34.546	1.2
1745.81	2.422	34.547	1.22
1756.05	2.415	34.546	1.23
1765.89	2.396	34.545	1.24
1775.24	2.374	34.549	1.26
1785.09	2.367	34.55	1.27
1794.73	2.351	34.55	1.28
1804.57	2.33	34.552	1.3
1814.22	2.318	34.553	1.31
1823.76	2.305	34.555	1.33
1832.42	2.299	34.556	1.34
1842.85	2.292	34.556	1.34
1853.28	2.273	34.556	1.35
1863.91	2.243	34.56	1.38
1874.43	2.24	34.56	1.39
1884.96	2.229	34.561	1.4
1895.39	2.21	34.563	1.41
1905.13	2.194	34.563	1.43
1915.46	2.193	34.564	1.44
1925.68	2.193	34.564	1.44
1935.91	2.193	34.564	1.44
1946.44	2.192	34.564	1.45
1956.86	2.189	34.564	1.45
1967.19	2.182	34.565	1.45
1977.61	2.172	34.566	1.46
1987.94	2.166	34.567	1.47
1998.36	2.156	34.568	1.48
2008.78	2.133	34.569	1.5
2018.51	2.113	34.571	1.53
2028.93	2.106	34.571	1.54
2039.35	2.082	34.573	1.55
2049.77	2.072	34.573	1.57
2060.1	2.064	34.575	1.58
2070.42	2.067	34.576	1.59
2080.74	2.065	34.576	1.6
2090.37	2.042	34.578	1.63
2100.79	2.02	34.58	1.65
2111.2	2.005	34.582	1.67
2121.52	1.989	34.582	1.67
2131.94	1.984	34.583	1.69
2142.06	1.977	34.584	1.71
2150.7	1.961	34.586	1.72
2158.66	1.944	34.586	1.72
2167.9	1.935	34.587	1.74
2177.62	1.932	34.587	1.74
2187.84	1.919	34.589	1.77
2198.25	1.911	34.59	1.78
2208.57	1.902	34.592	1.81
2218.68	1.892	34.594	1.83
2228.7	1.894	34.593	1.84
2238.43	1.891	34.594	1.84
2248.64	1.891	34.594	1.86
2258.85	1.887	34.595	1.87
2269.07	1.882	34.596	1.89
2279.38	1.882	34.596	1.89
2289.39	1.882	34.596	1.9
2300.19	1.883	34.597	1.9
2310.9	1.884	34.596	1.9
2321.79	1.881	34.596	1.9
2332.59	1.863	34.597	1.93
2343.49	1.846	34.599	1.96
2354.29	1.837	34.601	1.99
2365.18	1.832	34.602	2.01
2375.98	1.822	34.603	2.03
2386.58	1.827	34.602	2.03
2397.18	1.816	34.604	2.04
2406.7	1.814	34.604	2.06
2416.71	1.815	34.604	2.05
2426.91	1.796	34.606	2.07
2437.41	1.798	34.606	2.09
2447.52	1.806	34.604	2.09
2457.72	1.802	34.606	2.08
2467.93	1.812	34.604	2.08
2478.03	1.811	34.605	2.07
2488.13	1.815	34.604	2.08
2495.39	1.817	34.604	2.07
2505.1	1.817	34.604	2.07
2516.19	1.815	34.604	2.07
2526.88	1.813	34.604	2.08
2537.86	1.81	34.606	2.09
2548.85	1.808	34.606	2.09
2559.54	1.802	34.606	2.1
2570.33	1.8	34.606	2.11
2580.92	1.797	34.607	2.12
2591.7	1.796	34.607	2.12
2602.78	1.795	34.607	2.12
2613.86	1.793	34.608	2.13
2624.45	1.794	34.608	2.13
2634.45	1.791	34.608	2.13
2645.13	1.787	34.609	2.15
2655.72	1.781	34.609	2.16
2666.4	1.779	34.609	2.16
2676.99	1.756	34.611	2.18
2687.18	1.744	34.612	2.22
2697.08	1.74	34.613	2.23
2706.88	1.729	34.614	2.25
2714.72	1.725	34.616	2.25
2720.31	1.724	34.615	2.26
2723.83	1.725	34.617	2.26
2726.87	1.719	34.617	2.27
2731.58	1.718	34.617	2.27
2736.18	1.718	34.618	2.28
2740.1	1.722	34.616	2.27
2740.88	1.728	34.615	2.27
2741.08	1.731	34.612	2.27
2741.37	1.723	34.617	2.27
2741.96	1.723	34.617	2.27
2742.06	1.723	34.615	2.27
2742.55	1.721	34.617	2.27
2742.75	1.725	34.615	2.27
2743.43	1.722	34.615	2.27
2743.24	1.722	34.617	2.27
2743.43	1.72	34.616	2.27
2743.82	1.72	34.616	2.27
2743.82	1.72	34.616	2.27
2744.02	1.719	34.615	2.27
2744.12	1.72	34.617	2.27
2744.22	1.721	34.615	2.27
2743.82	1.721	34.618	2.27
2743.53	1.721	34.616	2.27
2743.53	1.722	34.616	2.27
2743.53	1.725	34.615	2.27
2742.94	1.719	34.617	2.27
2743.24	1.72	34.616	2.27
2743.53	1.72	34.618	2.27
2743.82	1.721	34.617	2.27
2743.82	1.721	34.617	2.27
2743.92	1.72	34.617	2.27
2743.92	1.721	34.616	2.27
2744.12	1.722	34.615	2.27
2744.22	1.721	34.615	2.27
2744.12	1.723	34.616	2.27
2744.31	1.722	34.614	2.27
2744.22	1.722	34.614	2.27
2743.92	1.721	34.616	2.27
2743.73	1.722	34.616	2.27
2743.14	1.721	34.616	2.27
2742.45	1.721	34.614	2.27
2742.55	1.721	34.619	2.27
2743.24	1.723	34.62	2.27
2743.73	1.722	34.616	2.27
2743.73	1.722	34.617	2.27
2744.12	1.723	34.616	2.27
2744.41	1.723	34.615	2.27
2744.41	1.722	34.615	2.27
2744.71	1.722	34.616	2.27
2744.61	1.721	34.617	2.27
2744.8	1.724	34.616	2.27
2744.8	1.723	34.618	2.27
2744.8	1.725	34.617	2.27
2745	1.724	34.614	2.27
2744.9	1.723	34.615	2.27
2744.02	1.723	34.617	2.27
2743.73	1.727	34.616	2.26
2743.63	1.725	34.613	2.26
2743.82	1.728	34.613	2.27
2744.51	1.723	34.619	2.27
2744.71	1.726	34.618	2.26
2744.9	1.724	34.615	2.26
2745.1	1.723	34.617	2.27
2745	1.723	34.618	2.27
2744.9	1.724	34.617	2.26
2745.1	1.724	34.618	2.26
2745.29	1.724	34.618	2.26
2745.39	1.727	34.617	2.26
2745.29	1.724	34.617	2.26
2745.29	1.724	34.617	2.26
2745.49	1.725	34.619	2.26
2745.39	1.726	34.616	2.26
2745.29	1.732	34.618	2.26
2744.9	1.724	34.617	2.26
2745.59	1.727	34.614	2.26
2745.69	1.734	34.605	2.26
2745.59	1.727	34.614	2.26
2745.78	1.726	34.614	2.26
2745.69	1.725	34.615	2.26
2745.59	1.724	34.617	2.26
2745.29	1.727	34.62	2.26
2744.61	1.731	34.619	2.26
2743.33	1.725	34.616	2.26
2742.75	1.725	34.617	2.26
2742.84	1.727	34.617	2.26
2742.16	1.726	34.616	2.26
2742.35	1.725	34.616	2.26
2742.26	1.728	34.617	2.26
2741.57	1.726	34.615	2.26
2741.57	1.726	34.615	2.26
2742.26	1.725	34.613	2.26
2742.84	1.721	34.615	2.27
2743.04	1.722	34.614	2.27
2743.82	1.72	34.615	2.27
2744.61	1.722	34.615	2.27
2745.59	1.723	34.616	2.27
2745.59	1.724	34.617	2.27
2746.08	1.724	34.619	2.27
2746.37	1.723	34.618	2.27
2746.37	1.723	34.618	2.27
2746.67	1.724	34.614	2.27
2746.67	1.721	34.618	2.27
2746.86	1.723	34.616	2.27
2746.96	1.729	34.611	2.27
2746.96	1.725	34.616	2.27
2746.96	1.723	34.617	2.27
2747.25	1.725	34.615	2.26
2747.35	1.726	34.615	2.26
2747.25	1.728	34.617	2.26
2747.35	1.727	34.616	2.26
2747.35	1.73	34.618	2.26
2747.55	1.728	34.617	2.26
2747.55	1.729	34.618	2.26
2747.55	1.732	34.615	2.26
2747.74	1.731	34.614	2.26
2747.55	1.73	34.616	2.26
2747.94	1.731	34.616	2.26
2747.74	1.729	34.615	2.26
2747.64	1.726	34.615	2.26
2747.55	1.729	34.611	2.26
2747.64	1.726	34.617	2.26
2747.74	1.727	34.616	2.26
2747.84	1.727	34.614	2.26
2747.64	1.726	34.617	2.26
2747.55	1.727	34.616	2.26
2747.74	1.731	34.62	2.26
2747.74	1.727	34.616	2.26
2747.64	1.727	34.616	2.26
2747.84	1.725	34.616	2.26
2748.04	1.725	34.617	2.26
2747.84	1.725	34.619	2.26
2747.74	1.73	34.62	2.26
2747.74	1.731	34.616	2.26
2747.45	1.727	34.616	2.26
2747.55	1.728	34.615	2.26
2747.35	1.728	34.614	2.26
2747.45	1.728	34.614	2.26
2747.35	1.728	34.616	2.26
2747.15	1.728	34.615	2.26
2747.25	1.726	34.616	2.26
2747.45	1.729	34.615	2.26
2747.55	1.729	34.616	2.26
2747.55	1.726	34.618	2.26
2747.74	1.726	34.617	2.26
2747.84	1.724	34.619	2.26
2747.84	1.723	34.618	2.26
2747.84	1.725	34.617	2.27
2748.04	1.719	34.615	2.27
2748.23	1.728	34.612	2.28
2748.43	1.724	34.614	2.27
2748.33	1.717	34.617	2.28
2748.53	1.713	34.616	2.28
2748.33	1.711	34.618	2.28
2748.33	1.723	34.624	2.28
2748.43	1.733	34.61	2.28
2748.43	1.723	34.617	2.28
2748.23	1.717	34.621	2.28
2748.23	1.712	34.619	2.28
2747.74	1.705	34.62	2.29
2747.84	1.708	34.618	2.29
2747.84	1.707	34.62	2.29
2748.13	1.701	34.619	2.3
2748.13	1.697	34.619	2.3
2748.53	1.698	34.618	2.3
2748.43	1.701	34.618	2.3
2748.23	1.703	34.619	2.3
2748.13	1.698	34.621	2.3
2748.23	1.696	34.618	2.3
2748.13	1.696	34.62	2.31
2748.33	1.697	34.617	2.31
2748.23	1.697	34.618	2.31
2747.94	1.695	34.62	2.31
2748.13	1.694	34.617	2.32
2747.94	1.688	34.618	2.32
2748.04	1.686	34.619	2.32
2748.04	1.687	34.621	2.32
2748.13	1.688	34.618	2.32
2748.13	1.69	34.618	2.32
2747.84	1.693	34.617	2.32
2747.84	1.689	34.618	2.32
2747.84	1.689	34.617	2.32
2747.94	1.686	34.618	2.33
2748.04	1.684	34.619	2.33
2748.13	1.685	34.618	2.33
2748.23	1.686	34.617	2.33
2748.43	1.687	34.616	2.33
2748.43	1.69	34.616	2.33
2748.62	1.685	34.622	2.33
2748.72	1.686	34.617	2.33
2748.53	1.683	34.62	2.33
2748.53	1.687	34.618	2.33
2748.33	1.682	34.622	2.33
2748.04	1.682	34.62	2.33
2747.84	1.681	34.619	2.33
2747.84	1.682	34.62	2.33
2747.35	1.68	34.62	2.33
2747.06	1.681	34.619	2.33
2747.25	1.68	34.619	2.33
2747.25	1.68	34.619	2.33
2747.15	1.68	34.619	2.33
2747.25	1.68	34.619	2.33
2747.55	1.681	34.618	2.33
2747.74	1.682	34.618	2.33
2748.04	1.68	34.621	2.33
2747.94	1.679	34.62	2.33
2747.94	1.68	34.619	2.33
2748.04	1.681	34.619	2.33
2747.84	1.679	34.62	2.33
2747.55	1.679	34.619	2.34
2747.74	1.678	34.62	2.34
2747.45	1.687	34.618	2.33
2747.45	1.694	34.614	2.33
2747.45	1.687	34.615	2.33
2747.74	1.685	34.612	2.34
2747.94	1.684	34.614	2.34
2747.94	1.68	34.616	2.34
2748.23	1.68	34.617	2.34
2748.33	1.69	34.615	2.34
2748.43	1.692	34.61	2.34
2748.62	1.693	34.61	2.34
2748.62	1.689	34.608	2.34
2748.43	1.685	34.616	2.34
2748.62	1.686	34.611	2.34
2748.23	1.682	34.618	2.34
2748.04	1.69	34.61	2.34
2748.13	1.683	34.621	2.34
2748.33	1.68	34.62	2.34
2748.53	1.678	34.62	2.34
2748.62	1.677	34.618	2.34
2748.62	1.68	34.619	2.34
2748.13	1.677	34.623	2.34
2748.04	1.674	34.619	2.34
2748.13	1.675	34.62	2.34
2748.33	1.68	34.622	2.34
2748.53	1.678	34.619	2.34
2748.62	1.681	34.623	2.34
2748.53	1.688	34.623	2.34
2748.72	1.689	34.608	2.34
2748.53	1.692	34.614	2.34
2748.62	1.679	34.618	2.34
2748.62	1.677	34.619	2.34
2748.13	1.677	34.622	2.34
2748.53	1.679	34.618	2.34
2748.72	1.677	34.62	2.34
2748.72	1.679	34.618	2.34
2748.72	1.682	34.622	2.34
2748.72	1.686	34.618	2.34
2748.72	1.679	34.618	2.34
2748.43	1.677	34.622	2.34
2748.13	1.678	34.62	2.34
2748.23	1.677	34.622	2.34
2747.64	1.676	34.619	2.34
2747.55	1.675	34.619	2.34
2748.23	1.673	34.619	2.34
2748.53	1.676	34.617	2.34
2748.62	1.674	34.62	2.34
2748.33	1.676	34.618	2.34
2748.23	1.677	34.617	2.34
2748.53	1.674	34.619	2.34
2748.62	1.677	34.618	2.34
2748.82	1.682	34.616	2.34
2748.72	1.681	34.616	2.34
2748.82	1.679	34.614	2.34
2748.72	1.688	34.611	2.34
2748.82	1.687	34.615	2.34
2748.82	1.696	34.614	2.34
2748.82	1.674	34.622	2.34
2748.82	1.677	34.621	2.34
2748.23	1.673	34.622	2.34
2747.55	1.678	34.621	2.34
2746.86	1.674	34.623	2.34
2745.29	1.673	34.618	2.34
2744.9	1.673	34.619	2.34
2744.51	1.672	34.619	2.34
2743.73	1.672	34.618	2.34
2743.53	1.675	34.618	2.34
2745.39	1.672	34.619	2.34
2746.96	1.67	34.62	2.34
2747.55	1.674	34.619	2.34
2747.74	1.671	34.619	2.34
2747.25	1.671	34.618	2.34
2747.25	1.672	34.618	2.34
2748.53	1.669	34.62	2.35
2748.04	1.669	34.62	2.35
2747.84	1.67	34.62	2.35
2746.18	1.669	34.624	2.34
2745.78	1.671	34.622	2.34
2747.15	1.673	34.621	2.34
2748.53	1.669	34.622	2.34
2748.04	1.671	34.621	2.34
2748.13	1.671	34.621	2.35
2748.13	1.677	34.618	2.34
2748.43	1.676	34.618	2.34
2748.43	1.677	34.618	2.34
2748.13	1.675	34.616	2.34
2748.23	1.672	34.626	2.34
2748.53	1.671	34.622	2.34
2748.43	1.672	34.623	2.34
2748.53	1.674	34.622	2.34
2748.43	1.67	34.621	2.34
2748.62	1.673	34.624	2.34
2748.53	1.671	34.619	2.34
2748.62	1.672	34.623	2.34
2748.62	1.672	34.624	2.34
2748.53	1.671	34.625	2.34
2748.72	1.677	34.62	2.35
2748.72	1.671	34.619	2.34
2748.62	1.681	34.61	2.35
2748.72	1.693	34.602	2.34
2748.62	1.673	34.617	2.34
2748.82	1.671	34.618	2.35
2748.82	1.672	34.617	2.35
2748.82	1.673	34.618	2.35
2748.72	1.676	34.626	2.34
2748.43	1.669	34.621	2.35
2748.33	1.669	34.616	2.35
2748.33	1.665	34.619	2.35
2748.23	1.666	34.62	2.35
2748.04	1.671	34.621	2.35
2748.04	1.671	34.617	2.35
2748.33	1.672	34.621	2.35
2748.33	1.671	34.624	2.35
2748.43	1.671	34.623	2.35
2748.72	1.67	34.63	2.35
2748.62	1.677	34.629	2.35
2748.62	1.672	34.617	2.35
2748.53	1.678	34.621	2.35
2748.43	1.669	34.619	2.35
2748.53	1.671	34.617	2.35
2748.82	1.667	34.621	2.35
2748.82	1.668	34.62	2.35
2749.02	1.668	34.619	2.35
2749.02	1.671	34.622	2.35
2748.72	1.693	34.599	2.35
2748.62	1.678	34.617	2.35
2748.72	1.669	34.618	2.35
2748.92	1.669	34.62	2.35
2749.11	1.675	34.612	2.35
2748.62	1.684	34.61	2.35
2748.23	1.685	34.609	2.35
2747.35	1.678	34.621	2.35
2746.57	1.68	34.629	2.35
2745.98	1.677	34.619	2.35
2745.49	1.667	34.62	2.35
2745.1	1.665	34.621	2.35
2744.51	1.675	34.61	2.35
2743.63	1.665	34.621	2.35
2742.45	1.664	34.622	2.35
2741.47	1.664	34.622	2.35
2740.3	1.665	34.622	2.35
2738.92	1.667	34.62	2.35
2737.65	1.669	34.619	2.35
2736.38	1.669	34.621	2.35
2735.3	1.671	34.619	2.34
2734.03	1.676	34.619	2.34
2732.85	1.675	34.618	2.34
2731.38	1.672	34.621	2.34
2730.01	1.671	34.623	2.34
2728.83	1.671	34.62	2.34
2727.75	1.673	34.626	2.34
2727.26	1.674	34.62	2.34
2726.19	1.676	34.617	2.34
2725.3	1.699	34.601	2.34
2723.83	1.71	34.608	2.31
2722.27	1.715	34.61	2.28
2720.6	1.715	34.612	2.28
2719.23	1.719	34.617	2.27
2717.66	1.714	34.615	2.27
2716.09	1.713	34.616	2.27
2713.84	1.708	34.619	2.27
2711.98	1.715	34.621	2.27
2709.82	1.713	34.618	2.27
2707.47	1.714	34.615	2.27
2705.12	1.713	34.615	2.27
2703.45	1.714	34.615	2.27
2702.28	1.714	34.617	2.27
2701.59	1.718	34.616	2.26
2701.1	1.715	34.616	2.26
2700.61	1.715	34.615	2.26
2699.92	1.718	34.616	2.26
2698.94	1.72	34.615	2.26
2698.85	1.723	34.615	2.25
2698.85	1.723	34.618	2.25
2697.77	1.724	34.615	2.25
2697.57	1.721	34.615	2.25
2698.65	1.716	34.615	2.26
2700.22	1.717	34.614	2.26
2700.32	1.72	34.616	2.26
2700.41	1.718	34.615	2.26
2701.39	1.718	34.616	2.26
2701.59	1.717	34.614	2.26
2701.69	1.715	34.614	2.26
2703.75	1.716	34.613	2.26
2704.33	1.716	34.616	2.27
2705.51	1.712	34.617	2.27
2706.1	1.712	34.616	2.27
2705.71	1.716	34.614	2.27
2705.31	1.715	34.614	2.27
2706	1.713	34.615	2.27
2708.25	1.712	34.617	2.27
2708.06	1.711	34.617	2.27
2708.25	1.713	34.615	2.27
2711.1	1.713	34.615	2.27
2715.7	1.703	34.617	2.27
2719.91	1.692	34.618	2.29
2724.23	1.672	34.62	2.32
2728.54	1.671	34.618	2.34
2733.14	1.667	34.62	2.34
2737.85	1.665	34.621	2.35
2739.9	1.664	34.619	2.35
2741.57	1.665	34.62	2.35
2742.55	1.665	34.621	2.35
2743.33	1.666	34.62	2.35
2744.22	1.665	34.621	2.35
2744.71	1.664	34.62	2.35
2744.8	1.675	34.611	2.35
2744.71	1.664	34.62	2.35
2744.9	1.664	34.62	2.35
2745	1.662	34.62	2.35
2745.2	1.663	34.62	2.35
2745.59	1.662	34.62	2.35
2745.69	1.663	34.618	2.35
2745.88	1.66	34.621	2.36
2746.08	1.666	34.615	2.36
2746.37	1.673	34.61	2.35
2746.18	1.671	34.612	2.35
2746.08	1.674	34.617	2.35
2746.86	1.67	34.613	2.34
2747.06	1.663	34.619	2.35
2746.67	1.663	34.62	2.35
2747.06	1.661	34.621	2.35
2747.15	1.658	34.62	2.35
2747.06	1.659	34.621	2.36
2747.35	1.668	34.614	2.36
2747.35	1.661	34.617	2.36
2747.64	1.658	34.621	2.36
2747.84	1.658	34.619	2.36
2748.13	1.658	34.62	2.36
2748.33	1.67	34.607	2.36
2748.33	1.658	34.62	2.36
2747.94	1.66	34.619	2.36
2747.94	1.66	34.623	2.36
2747.74	1.669	34.612	2.36
2747.15	1.661	34.618	2.36
2744.71	1.66	34.62	2.36
2742.84	1.66	34.62	2.35
2745.59	1.66	34.62	2.35
2746.08	1.658	34.62	2.36
2746.57	1.659	34.62	2.36
2746.57	1.658	34.621	2.36
2746.08	1.658	34.622	2.36
2745.29	1.656	34.622	2.36
2745.1	1.656	34.621	2.36
2746.27	1.656	34.62	2.36
2746.96	1.656	34.621	2.36
2747.64	1.656	34.621	2.36
2747.94	1.656	34.621	2.36
2747.25	1.659	34.621	2.36
2747.55	1.659	34.62	2.36
2747.45	1.66	34.621	2.36
2747.25	1.66	34.62	2.36
2747.84	1.656	34.621	2.36
2748.23	1.657	34.621	2.36
2748.72	1.656	34.621	2.36
2748.92	1.657	34.62	2.36
2749.02	1.656	34.622	2.36
2748.43	1.656	34.623	2.36
2748.53	1.656	34.621	2.36
2748.92	1.658	34.621	2.36
2749.11	1.658	34.62	2.36
2747.94	1.657	34.623	2.36
2747.84	1.659	34.617	2.36
2748.04	1.656	34.622	2.36
2748.04	1.657	34.621	2.36
2747.94	1.657	34.622	2.36
2747.94	1.658	34.621	2.36
2747.64	1.666	34.624	2.36
2747.35	1.661	34.62	2.36
2747.35	1.657	34.622	2.36
2747.15	1.657	34.621	2.36
2747.25	1.658	34.621	2.36
2747.25	1.658	34.621	2.36
2747.15	1.667	34.629	2.36
2747.35	1.66	34.624	2.36
2747.15	1.665	34.616	2.36
2747.06	1.657	34.621	2.36
2746.86	1.662	34.615	2.36
2746.57	1.665	34.616	2.36
2746.37	1.658	34.621	2.36
2746.67	1.658	34.622	2.36
2746.47	1.659	34.62	2.36
2746.67	1.658	34.621	2.36
2746.37	1.657	34.621	2.36
2746.47	1.658	34.621	2.36
2746.18	1.659	34.621	2.36
2746.27	1.68	34.615	2.36
2746.18	1.666	34.622	2.36
2746.18	1.658	34.622	2.36
2746.08	1.659	34.622	2.36
2746.18	1.66	34.62	2.36
2745.78	1.658	34.623	2.36
2745.78	1.658	34.62	2.36
2745.69	1.663	34.618	2.36
2745.69	1.658	34.621	2.36
2745.78	1.658	34.622	2.36
2745.59	1.659	34.622	2.36
2745.59	1.658	34.622	2.36
2745.49	1.66	34.621	2.36
2745.39	1.659	34.619	2.36
2745	1.657	34.622	2.36
2744.9	1.658	34.62	2.36
2745.1	1.658	34.622	2.36
2744.8	1.657	34.622	2.36
2744.51	1.657	34.62	2.36
2744.22	1.656	34.621	2.36
2744.61	1.655	34.622	2.36
2744.71	1.657	34.622	2.36
2744.71	1.657	34.622	2.36
2744.51	1.656	34.622	2.36
2744.41	1.656	34.622	2.36
2744.8	1.656	34.621	2.36
2745	1.658	34.62	2.36
2745	1.658	34.621	2.36
2744.9	1.657	34.622	2.36
2744.71	1.655	34.621	2.36
2744.9	1.655	34.622	2.36
2745.1	1.656	34.621	2.36
2744.8	1.656	34.621	2.36
2744.8	1.656	34.622	2.36
2745.1	1.657	34.621	2.36
2745.2	1.656	34.621	2.36
2744.9	1.656	34.623	2.36
2743.92	1.656	34.622	2.36
2743.24	1.655	34.622	2.36
2742.35	1.657	34.62	2.36
2743.73	1.655	34.622	2.36
2744.41	1.657	34.621	2.36
2744.61	1.658	34.62	2.36
2744.51	1.657	34.621	2.36
2744.41	1.656	34.621	2.36
2744.02	1.656	34.621	2.36
2743.63	1.655	34.622	2.36
2743.82	1.656	34.621	2.36
2743.92	1.657	34.621	2.36
2743.73	1.657	34.622	2.36
2743.82	1.656	34.621	2.36
2744.12	1.656	34.621	2.36
2744.02	1.656	34.622	2.36
2743.82	1.655	34.621	2.36
2743.92	1.655	34.621	2.36
2743.92	1.655	34.622	2.36
2743.82	1.655	34.621	2.36
2743.82	1.656	34.622	2.36
2743.82	1.656	34.623	2.36
2743.53	1.66	34.618	2.36
2743.53	1.658	34.622	2.36
2743.43	1.657	34.621	2.36
2743.63	1.655	34.621	2.36
2743.53	1.655	34.621	2.36
2743.43	1.656	34.621	2.36
2743.24	1.656	34.622	2.36
2743.14	1.657	34.621	2.36
2742.94	1.656	34.622	2.36
2742.94	1.656	34.622	2.36
2743.14	1.656	34.62	2.36
2743.04	1.657	34.621	2.36
2743.04	1.658	34.621	2.36
2743.04	1.658	34.62	2.36
2743.24	1.658	34.62	2.36
2743.24	1.657	34.621	2.36
2742.94	1.658	34.62	2.36
2742.75	1.658	34.621	2.36
2743.14	1.657	34.62	2.36
2743.04	1.657	34.621	2.36
2742.94	1.657	34.621	2.36
2742.75	1.657	34.621	2.36
2743.04	1.657	34.623	2.36
2741.57	1.657	34.623	2.36
2741.18	1.656	34.62	2.36
2741.86	1.657	34.619	2.36
2740.59	1.656	34.621	2.36
2740.49	1.657	34.62	2.36
2740.3	1.657	34.621	2.36
2741.47	1.656	34.62	2.36
2741.18	1.656	34.622	2.36
2741.96	1.657	34.62	2.36
2741.96	1.658	34.621	2.36
2741.47	1.66	34.622	2.36
2741.37	1.657	34.621	2.36
2741.96	1.656	34.622	2.36
2741.86	1.659	34.621	2.36
2741.77	1.663	34.614	2.36
2741.57	1.656	34.62	2.36
2742.16	1.656	34.62	2.36
2742.26	1.656	34.62	2.36
2742.35	1.656	34.622	2.36
2742.26	1.656	34.621	2.36
2742.45	1.656	34.619	2.36
2742.45	1.656	34.619	2.36
2742.35	1.656	34.62	2.36
2742.06	1.661	34.62	2.36
2741.96	1.66	34.621	2.36
2741.57	1.658	34.621	2.36
2742.35	1.659	34.62	2.36
2742.55	1.657	34.62	2.36
2742.16	1.658	34.62	2.36
2740.3	1.656	34.62	2.36
2740.3	1.657	34.62	2.36
2740.49	1.656	34.622	2.36
2739.61	1.656	34.622	2.36
2740	1.657	34.62	2.36
2741.67	1.657	34.621	2.36
2741.47	1.66	34.622	2.36
2741.47	1.658	34.621	2.36
2741.18	1.659	34.622	2.35
2741.57	1.658	34.621	2.36
2741.67	1.658	34.621	2.36
2741.37	1.66	34.621	2.36
2741.37	1.659	34.62	2.35
2741.37	1.659	34.621	2.35
2740.98	1.658	34.621	2.36
2740.88	1.657	34.621	2.36
2740.88	1.657	34.622	2.36
2740.39	1.657	34.621	2.36
2739.9	1.66	34.621	2.35
2739.71	1.659	34.62	2.35
2739.32	1.661	34.62	2.35
2738.43	1.659	34.619	2.35
2739.12	1.658	34.619	2.35
2740.2	1.659	34.62	2.35
2740.69	1.657	34.621	2.36
2740.88	1.658	34.622	2.36
2740.49	1.66	34.621	2.35
2740.69	1.657	34.62	2.35
2741.08	1.657	34.62	2.36
2741.18	1.657	34.619	2.36
2740.98	1.658	34.62	2.36
2740.88	1.658	34.621	2.36
2739.9	1.66	34.622	2.36
2739.71	1.659	34.623	2.36
2740.2	1.659	34.622	2.36
2740.49	1.657	34.622	2.36
2740.98	1.657	34.622	2.36
2741.37	1.662	34.616	2.36
2741.47	1.663	34.615	2.36
2741.77	1.67	34.611	2.36
2741.96	1.657	34.621	2.36
2742.16	1.657	34.621	2.36
2742.06	1.658	34.619	2.36
2742.26	1.657	34.62	2.36
2742.16	1.66	34.619	2.36
2742.26	1.657	34.619	2.36
2742.06	1.657	34.62	2.36
2742.26	1.657	34.621	2.36
2742.35	1.657	34.62	2.36
2742.06	1.658	34.621	2.36
2742.35	1.658	34.622	2.36
2742.35	1.658	34.621	2.36
2742.35	1.659	34.619	2.36
2742.35	1.658	34.622	2.36
2742.16	1.658	34.622	2.35
2742.55	1.659	34.622	2.36
2742.06	1.664	34.623	2.35
2741.67	1.663	34.621	2.35
2741.47	1.671	34.618	2.35
2741.77	1.673	34.615	2.35
2740.69	1.659	34.623	2.36
2740.79	1.658	34.622	2.36
2740.3	1.668	34.618	2.35
2739.51	1.659	34.62	2.36
2736.67	1.658	34.62	2.35
2732.46	1.664	34.615	2.35
2728.15	1.671	34.613	2.34
2723.64	1.681	34.613	2.32
2720.01	1.683	34.618	2.31
2716.48	1.683	34.619	2.31
2714.62	1.685	34.617	2.31
2713.54	1.687	34.621	2.31
2713.64	1.692	34.616	2.3
2714.82	1.687	34.619	2.3
2715.9	1.683	34.62	2.31
2715.11	1.681	34.62	2.31
2715.41	1.68	34.618	2.31
2716.29	1.68	34.62	2.31
2716.19	1.682	34.62	2.31
2715.9	1.682	34.62	2.31
2715.21	1.681	34.62	2.31
2714.72	1.681	34.62	2.31
2714.33	1.687	34.617	2.31
2714.62	1.692	34.618	2.3
2714.43	1.689	34.619	2.3
2714.92	1.689	34.618	2.3
2715.41	1.684	34.618	2.3
2715.99	1.683	34.618	2.31
2715.8	1.684	34.618	2.31
2715.21	1.683	34.618	2.31
2714.82	1.68	34.618	2.31
2714.13	1.682	34.62	2.31
2714.52	1.684	34.618	2.31
2714.82	1.685	34.618	2.31
2714.62	1.687	34.618	2.3
2714.92	1.686	34.62	2.3
2714.92	1.683	34.619	2.31
2715.31	1.684	34.619	2.31
2715.21	1.687	34.618	2.31
2714.62	1.681	34.62	2.31
2713.64	1.681	34.619	2.31
2713.54	1.682	34.62	2.31
2714.13	1.681	34.619	2.31
2714.52	1.68	34.619	2.31
2714.92	1.681	34.62	2.31
2715.21	1.681	34.62	2.31
2715.21	1.682	34.619	2.31
2715.11	1.682	34.619	2.31
2715.5	1.682	34.619	2.31
2715.8	1.684	34.619	2.31
2715.8	1.684	34.618	2.31
2715.6	1.685	34.618	2.31
2715.01	1.687	34.625	2.31
2715.11	1.686	34.619	2.31
2715.31	1.691	34.618	2.3
2714.92	1.692	34.618	2.3
2714.62	1.69	34.618	2.3
2714.62	1.692	34.62	2.3
2714.92	1.698	34.63	2.29
2714.72	1.707	34.612	2.29
2714.43	1.711	34.613	2.29
2714.82	1.693	34.62	2.29
2714.13	1.693	34.619	2.29
2713.64	1.696	34.621	2.29
2713.35	1.7	34.618	2.28
2713.15	1.699	34.617	2.28
2712.96	1.701	34.616	2.28
2712.27	1.701	34.616	2.28
2711.39	1.701	34.617	2.28
2710.8	1.702	34.618	2.28
2710.9	1.704	34.624	2.28
2710.21	1.704	34.616	2.28
2710.31	1.703	34.618	2.28
2710.02	1.702	34.62	2.28
2708.84	1.703	34.617	2.28
2705.61	1.704	34.615	2.27
2701.59	1.706	34.617	2.27
2697.47	1.708	34.616	2.26
2693.06	1.709	34.615	2.26
2689.73	1.713	34.615	2.26
2686.2	1.714	34.615	2.25
2683.07	1.714	34.615	2.25
2679.83	1.714	34.615	2.25
2676.89	1.713	34.615	2.25
2674.54	1.711	34.616	2.25
2671.79	1.711	34.616	2.25
2668.66	1.712	34.616	2.25
2665.62	1.712	34.616	2.25
2662.29	1.712	34.615	2.25
2659.35	1.713	34.615	2.25
2656.9	1.713	34.616	2.25
2655.23	1.713	34.616	2.25
2653.17	1.711	34.616	2.25
2650.13	1.713	34.615	2.25
2647.29	1.71	34.618	2.24
2644.54	1.711	34.617	2.25
2643.37	1.712	34.616	2.25
2642.49	1.713	34.616	2.25
2640.23	1.712	34.617	2.24
2637.29	1.712	34.616	2.24
2633.96	1.712	34.618	2.24
2631.41	1.712	34.616	2.24
2629.55	1.712	34.617	2.24
2627.78	1.711	34.617	2.24
2625.82	1.711	34.618	2.24
2623.17	1.708	34.616	2.25
2620.92	1.709	34.615	2.25
2618.37	1.708	34.616	2.25
2615.72	1.708	34.616	2.25
2613.08	1.709	34.616	2.25
2609.94	1.711	34.617	2.25
2607.19	1.714	34.614	2.24
2604.74	1.718	34.614	2.24
2602	1.719	34.615	2.23
2598.96	1.72	34.615	2.23
2596.31	1.718	34.615	2.23
2593.66	1.719	34.615	2.23
2591.21	1.719	34.615	2.23
2588.56	1.719	34.614	2.23
2585.72	1.721	34.614	2.22
2583.37	1.722	34.615	2.22
2581.31	1.723	34.614	2.22
2578.86	1.724	34.616	2.22
2576.9	1.724	34.615	2.22
2575.42	1.724	34.615	2.22
2572.48	1.723	34.616	2.22
2568.95	1.724	34.616	2.22
2566.11	1.724	34.614	2.21
2564.25	1.726	34.614	2.21
2562.38	1.726	34.615	2.21
2560.52	1.727	34.615	2.21
2558.75	1.728	34.615	2.21
2555.52	1.729	34.616	2.21
2553.26	1.729	34.614	2.2
2550.61	1.73	34.614	2.2
2547.48	1.731	34.613	2.2
2545.22	1.733	34.613	2.2
2541.79	1.734	34.613	2.19
2538.45	1.736	34.612	2.19
2535.22	1.738	34.612	2.19
2532.27	1.739	34.613	2.18
2529.53	1.74	34.613	2.18
2527.08	1.741	34.612	2.18
2525.02	1.74	34.614	2.18
2521.78	1.741	34.613	2.18
2519.23	1.741	34.612	2.17
2516.48	1.742	34.614	2.17
2514.03	1.741	34.613	2.17
2511.97	1.742	34.612	2.17
2509.62	1.741	34.612	2.17
2507.16	1.742	34.612	2.17
2506.48	1.743	34.613	2.17
2505.6	1.744	34.612	2.17
2504.91	1.75	34.609	2.17
2504.12	1.749	34.609	2.17
2503.34	1.756	34.604	2.17
2502.36	1.751	34.61	2.17
2501.48	1.749	34.609	2.17
2500.4	1.745	34.614	2.17
2498.92	1.744	34.613	2.17
2497.85	1.747	34.612	2.17
2496.57	1.745	34.614	2.17
2495.1	1.746	34.612	2.17
2496.08	1.746	34.611	2.16
2495.79	1.748	34.61	2.17
2494.02	1.748	34.61	2.16
2490.88	1.749	34.613	2.16
2487.84	1.749	34.612	2.16
2484.31	1.75	34.611	2.16
2480.48	1.752	34.611	2.15
2477.44	1.751	34.611	2.15
2474.5	1.751	34.611	2.15
2470.87	1.751	34.612	2.15
2467.53	1.754	34.613	2.15
2464.2	1.765	34.608	2.14
2460.67	1.769	34.607	2.12
2456.94	1.77	34.607	2.12
2453.4	1.769	34.609	2.12
2449.97	1.77	34.607	2.12
2446.73	1.768	34.61	2.12
2443.3	1.77	34.609	2.12
2440.06	1.773	34.606	2.11
2436.43	1.776	34.607	2.1
2432.41	1.777	34.608	2.1
2428.38	1.777	34.608	2.1
2424.85	1.778	34.609	2.1
2421.52	1.777	34.609	2.1
2418.18	1.777	34.61	2.1
2414.94	1.778	34.608	2.1
2412.49	1.78	34.608	2.09
2412.68	1.781	34.606	2.09
2412.68	1.781	34.606	2.09
2412.49	1.78	34.608	2.09
2411.9	1.78	34.61	2.09
2411.8	1.782	34.609	2.09
2411.7	1.782	34.608	2.09
2411.6	1.781	34.608	2.09
2411.31	1.782	34.607	2.09
2411.41	1.78	34.607	2.1
2411.51	1.782	34.609	2.09
2411.51	1.779	34.607	2.09
2411.6	1.779	34.607	2.1
2411.8	1.783	34.609	2.1
2410.82	1.784	34.613	2.1
2409.25	1.78	34.61	2.09
2408.86	1.782	34.607	2.09
2407.97	1.781	34.61	2.09
2407.09	1.782	34.609	2.09
2405.52	1.781	34.609	2.09
2404.24	1.781	34.61	2.09
2403.16	1.782	34.608	2.09
2400.91	1.782	34.608	2.09
2398.45	1.783	34.607	2.08
2396.29	1.786	34.606	2.08
2393.64	1.786	34.606	2.08
2392.07	1.785	34.605	2.08
2391.09	1.783	34.608	2.08
2389.72	1.783	34.607	2.08
2388.25	1.784	34.605	2.08
2385.01	1.79	34.606	2.08
2380.69	1.793	34.605	2.07
2375.68	1.793	34.605	2.06
2370.68	1.795	34.605	2.06
2365.87	1.799	34.604	2.05
2360.96	1.804	34.604	2.04
2355.95	1.805	34.605	2.04
2351.54	1.81	34.603	2.03
2346.73	1.812	34.603	2.03
2342.02	1.812	34.604	2.02
2337.5	1.813	34.603	2.02
2333.08	1.813	34.605	2.02
2329.06	1.813	34.604	2.02
2324.93	1.814	34.602	2.02
2320.52	1.818	34.603	2.01
2316.39	1.819	34.602	2.01
2312.76	1.819	34.603	2.01
2308.74	1.819	34.604	2.01
2304.42	1.821	34.603	2.01
2300	1.826	34.602	2
2295.58	1.826	34.604	1.99
2290.67	1.828	34.603	1.99
2286.35	1.831	34.602	1.99
2282.13	1.833	34.603	1.98
2278.69	1.834	34.601	1.98
2275.65	1.834	34.602	1.98
2272.31	1.834	34.603	1.98
2268.77	1.835	34.601	1.98
2265.34	1.835	34.602	1.98
2261.51	1.835	34.601	1.97
2257.28	1.835	34.601	1.97
2253.55	1.835	34.6	1.97
2252.37	1.835	34.6	1.97
2250.9	1.835	34.599	1.97
2248.64	1.835	34.6	1.97
2245.5	1.835	34.6	1.97
2242.55	1.834	34.601	1.97
2239.61	1.834	34.6	1.97
2236.66	1.834	34.6	1.97
2234.4	1.834	34.601	1.97
2232.53	1.835	34.6	1.97
2231.65	1.835	34.599	1.97
2230.08	1.835	34.603	1.97
2229.1	1.835	34.602	1.97
2227.72	1.834	34.603	1.97
2226.25	1.835	34.601	1.97
2225.07	1.835	34.601	1.97
2224.58	1.837	34.602	1.97
2224.48	1.84	34.599	1.97
2224.38	1.839	34.6	1.97
2224.19	1.839	34.601	1.97
2224.77	1.836	34.6	1.97
2225.17	1.834	34.604	1.97
2224.38	1.834	34.602	1.97
2223.01	1.834	34.601	1.97
2220.85	1.832	34.605	1.97
2218.88	1.835	34.6	1.97
2215.93	1.836	34.6	1.97
2212.79	1.838	34.599	1.96
2208.76	1.838	34.6	1.96
2206.11	1.837	34.601	1.96
2203.85	1.838	34.601	1.96
2201.4	1.837	34.601	1.96
2199.73	1.836	34.601	1.96
2198.25	1.836	34.599	1.96
2197.27	1.839	34.6	1.96
2197.37	1.842	34.599	1.96
2197.47	1.84	34.601	1.96
2196.88	1.841	34.602	1.96
2195.31	1.843	34.6	1.95
2193.24	1.841	34.601	1.95
2190.4	1.851	34.6	1.95
2187.45	1.857	34.6	1.93
2184.8	1.857	34.601	1.92
2181.85	1.857	34.6	1.92
2178.51	1.857	34.601	1.92
2175.36	1.858	34.601	1.91
2172.12	1.863	34.599	1.91
2169.67	1.867	34.597	1.89
2169.86	1.868	34.598	1.89
2170.06	1.868	34.597	1.89
2170.26	1.873	34.594	1.89
2170.55	1.874	34.591	1.9
2170.16	1.886	34.587	1.9
2169.96	1.869	34.598	1.9
2169.96	1.869	34.598	1.89
2169.76	1.869	34.598	1.89
2169.86	1.87	34.597	1.89
2169.27	1.871	34.597	1.88
2167.8	1.871	34.598	1.88
2167.51	1.871	34.597	1.88
2166.42	1.872	34.597	1.88
2164.66	1.873	34.598	1.87
2162.99	1.874	34.596	1.87
2160.92	1.875	34.597	1.87
2159.65	1.875	34.599	1.87
2158.07	1.875	34.598	1.87
2156.11	1.875	34.597	1.87
2154.14	1.877	34.596	1.86
2152.77	1.876	34.596	1.86
2152.28	1.876	34.597	1.86
2151.88	1.877	34.596	1.86
2151.2	1.878	34.595	1.86
2150.21	1.879	34.596	1.86
2149.53	1.877	34.598	1.86
2149.43	1.878	34.595	1.86
2149.43	1.877	34.595	1.86
2149.23	1.878	34.598	1.86
2148.64	1.879	34.597	1.86
2147.36	1.88	34.597	1.85
2146.38	1.881	34.597	1.85
2145.3	1.881	34.597	1.85
2144.12	1.881	34.597	1.85
2142.25	1.881	34.599	1.85
2139.9	1.882	34.597	1.85
2137.44	1.884	34.595	1.85
2134.89	1.885	34.598	1.84
2132.23	1.888	34.595	1.84
2129.09	1.892	34.593	1.83
2126.93	1.894	34.593	1.82
2125.16	1.893	34.594	1.81
2123	1.894	34.593	1.81
2120.44	1.894	34.592	1.8
2117.49	1.898	34.59	1.79
2115.63	1.898	34.593	1.77
2114.64	1.899	34.593	1.78
2113.27	1.904	34.591	1.77
2112.19	1.907	34.591	1.76
2110.91	1.91	34.588	1.76
2111.2	1.911	34.589	1.76
2111.4	1.911	34.588	1.76
2111.79	1.913	34.588	1.76
2111.99	1.911	34.589	1.76
2111.89	1.919	34.596	1.76
2111.5	1.913	34.587	1.76
2112.68	1.907	34.589	1.76
2113.66	1.908	34.59	1.76
2110.71	1.91	34.589	1.76
2107.08	1.91	34.591	1.76
2103.44	1.911	34.591	1.75
2102.46	1.915	34.589	1.75
2101.47	1.917	34.588	1.75
2100.98	1.918	34.588	1.75
2099.8	1.919	34.59	1.75
2097.74	1.918	34.589	1.75
2096.27	1.929	34.587	1.74
2094.59	1.934	34.587	1.72
2094.2	1.94	34.587	1.72
2094.3	1.942	34.584	1.72
2094.89	1.943	34.584	1.72
2094.79	1.944	34.588	1.72
2094.1	1.942	34.587	1.72
2092.92	1.939	34.588	1.72
2091.65	1.947	34.588	1.72
2089.98	1.951	34.587	1.72
2088.11	1.959	34.587	1.72
2086.44	1.961	34.587	1.73
2086.14	1.963	34.586	1.73
2086.34	1.964	34.589	1.73
2086.63	1.967	34.585	1.73
2087.22	1.957	34.587	1.73
2086.93	1.958	34.587	1.73
2086.73	1.961	34.586	1.73
2086.14	1.964	34.587	1.73
2085.45	1.966	34.587	1.73
2084.57	1.958	34.591	1.73
2082.9	1.96	34.588	1.73
2080.74	1.972	34.586	1.73
2078.77	1.977	34.588	1.73
2077.4	1.984	34.587	1.73
2076.12	1.984	34.588	1.72
2074.94	1.982	34.588	1.72
2073.76	1.983	34.588	1.72
2073.17	1.984	34.59	1.73
2072.78	1.985	34.586	1.73
2071.99	1.984	34.586	1.72
2070.51	1.984	34.586	1.72
2068.94	1.983	34.587	1.72
2067.96	1.983	34.586	1.72
2067.17	1.983	34.588	1.72
2066.19	1.982	34.587	1.72
2066.09	1.982	34.587	1.72
2066.48	1.984	34.586	1.72
2066.68	1.987	34.586	1.72
2066.68	1.987	34.586	1.72
2066.78	1.986	34.586	1.72
2066.88	1.985	34.585	1.72
2066.88	1.994	34.585	1.72
2066.88	1.993	34.59	1.72
2066.39	1.984	34.585	1.72
2066.48	1.985	34.594	1.72
2065.99	1.985	34.587	1.72
2065.21	1.983	34.588	1.72
2064.52	1.983	34.587	1.72
2062.36	1.985	34.577	1.72
2061.18	1.985	34.586	1.72
2058.62	1.986	34.586	1.71
2056.75	1.987	34.587	1.71
2054.89	1.989	34.586	1.71
2053.22	1.99	34.588	1.71
2051.64	1.99	34.587	1.71
2050.36	1.991	34.586	1.71
2048.6	1.991	34.586	1.71
2046.53	1.991	34.586	1.71
2044.37	1.992	34.587	1.71
2042.7	1.992	34.587	1.71
2041.71	1.993	34.586	1.71
2040.83	1.993	34.586	1.71
2040.44	1.994	34.586	1.71
2039.94	1.993	34.586	1.71
2038.47	1.994	34.586	1.71
2037.19	1.995	34.586	1.71
2035.32	1.996	34.584	1.71
2032.28	1.999	34.583	1.7
2028.93	2.005	34.582	1.69
2025.2	2.008	34.582	1.69
2021.46	2.01	34.581	1.69
2017.92	2.013	34.58	1.69
2013.89	2.015	34.58	1.68
2009.76	2.018	34.581	1.68
2008.29	2.019	34.583	1.68
2008.29	2.02	34.584	1.68
2008.29	2.021	34.583	1.68
2008.09	2.024	34.582	1.68
2007.99	2.023	34.582	1.68
2008.19	2.039	34.576	1.68
2008.39	2.021	34.584	1.68
2008.58	2.02	34.583	1.68
2008.58	2.021	34.583	1.68
2008.39	2.02	34.584	1.68
2008.09	2.021	34.584	1.68
2007.8	2.021	34.584	1.68
2007.4	2.022	34.583	1.67
2006.91	2.021	34.584	1.67
2006.52	2.022	34.584	1.67
2006.32	2.025	34.583	1.68
2005.54	2.024	34.584	1.67
2004.45	2.024	34.582	1.67
2002.59	2.024	34.583	1.67
2001.6	2.025	34.582	1.67
1999.54	2.025	34.582	1.67
1996.78	2.025	34.583	1.67
1993.74	2.026	34.582	1.67
1990.89	2.025	34.582	1.67
1987.54	2.028	34.58	1.66
1984.79	2.038	34.578	1.65
1984.89	2.041	34.578	1.64
1983.71	2.04	34.58	1.64
1981.74	2.041	34.582	1.64
1978.89	2.041	34.582	1.64
1976.14	2.044	34.579	1.63
1972.99	2.045	34.58	1.63
1969.94	2.044	34.58	1.63
1966.7	2.046	34.58	1.63
1963.55	2.049	34.578	1.63
1960.99	2.053	34.577	1.63
1959.61	2.056	34.578	1.62
1958.34	2.056	34.58	1.62
1956.47	2.056	34.579	1.61
1953.91	2.057	34.579	1.61
1950.86	2.057	34.58	1.61
1948.5	2.057	34.579	1.61
1948.5	2.057	34.579	1.61
1948.4	2.058	34.578	1.61
1947.42	2.056	34.579	1.61
1945.85	2.057	34.578	1.61
1943.39	2.058	34.578	1.61
1940.73	2.059	34.578	1.6
1937.68	2.061	34.575	1.59
1934.63	2.063	34.579	1.59
1931.68	2.063	34.576	1.58
1929.82	2.065	34.576	1.58
1929.82	2.066	34.576	1.58
1929.72	2.066	34.576	1.58
1929.03	2.067	34.577	1.58
1928.05	2.067	34.576	1.58
1927.26	2.068	34.577	1.58
1926.96	2.067	34.578	1.58
1927.65	2.067	34.576	1.58
1927.36	2.069	34.577	1.58
1927.26	2.069	34.576	1.58
1926.47	2.069	34.577	1.58
1926.86	2.069	34.576	1.58
1926.86	2.068	34.575	1.58
1927.55	2.068	34.576	1.58
1927.85	2.066	34.575	1.58
1928.34	2.067	34.577	1.58
1927.75	2.067	34.575	1.58
1925.88	2.067	34.576	1.58
1922.83	2.068	34.576	1.58
1919.98	2.07	34.575	1.57
1916.83	2.071	34.574	1.57
1913.49	2.075	34.572	1.57
1910.54	2.08	34.574	1.56
1907.49	2.081	34.573	1.55
1904.83	2.082	34.573	1.55
1901.68	2.084	34.572	1.55
1898.34	2.085	34.573	1.55
1895.09	2.093	34.571	1.54
1891.55	2.094	34.572	1.53
1887.91	2.095	34.573	1.53
1884.47	2.099	34.571	1.53
1880.24	2.115	34.568	1.52
1876.01	2.122	34.568	1.51
1872.76	2.133	34.568	1.5
1868.92	2.137	34.57	1.49
1865.48	2.142	34.569	1.49
1862.14	2.147	34.566	1.48
1859.28	2.151	34.569	1.48
1856.82	2.152	34.57	1.47
1854.07	2.153	34.569	1.47
1852.79	2.156	34.566	1.47
1852.79	2.156	34.567	1.47
1852	2.157	34.567	1.47
1851.31	2.16	34.566	1.47
1848.95	2.163	34.566	1.46
1846.2	2.166	34.566	1.46
1844.52	2.168	34.568	1.46
1842.75	2.171	34.565	1.46
1840.79	2.174	34.565	1.46
1839.21	2.175	34.565	1.45
1837.05	2.175	34.565	1.45
1834	2.176	34.566	1.45
1831.34	2.177	34.566	1.45
1828.39	2.185	34.562	1.45
1825.44	2.188	34.565	1.44
1822.98	2.189	34.564	1.44
1820.42	2.19	34.565	1.44
1817.86	2.195	34.563	1.44
1814.81	2.198	34.561	1.42
1812.74	2.198	34.563	1.42
1811.26	2.199	34.563	1.42
1808.41	2.199	34.563	1.42
1805.26	2.202	34.563	1.41
1802.21	2.203	34.561	1.41
1799.36	2.205	34.562	1.4
1797.78	2.206	34.563	1.4
1797.78	2.208	34.562	1.4
1796.9	2.208	34.56	1.4
1796.11	2.207	34.563	1.4
1795.62	2.211	34.561	1.4
1795.42	2.215	34.561	1.39
1796.4	2.212	34.563	1.39
1796.4	2.213	34.56	1.39
1796.31	2.221	34.562	1.39
1796.21	2.222	34.564	1.39
1795.91	2.212	34.562	1.39
1796.31	2.213	34.561	1.39
1796.21	2.213	34.562	1.39
1795.12	2.216	34.563	1.39
1794.24	2.222	34.56	1.39
1794.04	2.222	34.562	1.38
1793.45	2.222	34.561	1.38
1793.35	2.224	34.561	1.38
1793.75	2.223	34.562	1.38
1794.24	2.228	34.56	1.38
1794.53	2.224	34.561	1.38
1794.53	2.225	34.561	1.38
1794.73	2.224	34.561	1.38
1795.03	2.224	34.561	1.38
1795.42	2.223	34.561	1.38
1795.42	2.224	34.564	1.38
1795.72	2.225	34.563	1.38
1796.01	2.225	34.561	1.38
1796.01	2.226	34.56	1.38
1795.91	2.227	34.561	1.38
1795.22	2.229	34.562	1.38
1795.22	2.232	34.561	1.38
1795.22	2.231	34.558	1.38
1795.32	2.23	34.558	1.38
1795.22	2.228	34.561	1.38
1795.22	2.23	34.56	1.38
1795.03	2.231	34.562	1.38
1794.53	2.231	34.561	1.38
1793.85	2.234	34.561	1.38
1793.45	2.238	34.563	1.37
1793.25	2.24	34.559	1.37
1793.16	2.24	34.561	1.37
1793.06	2.239	34.562	1.37
1792.66	2.24	34.56	1.37
1792.47	2.242	34.56	1.37
1792.66	2.243	34.559	1.37
1792.57	2.246	34.559	1.37
1792.96	2.248	34.559	1.36
1792.27	2.247	34.559	1.36
1792.37	2.249	34.558	1.36
1791.68	2.249	34.559	1.36
1790.3	2.25	34.557	1.36
1789.02	2.254	34.559	1.36
1788.83	2.257	34.557	1.35
1789.32	2.255	34.557	1.35
1790.2	2.256	34.557	1.35
1790.01	2.254	34.557	1.35
1790.11	2.252	34.558	1.35
1790.2	2.251	34.558	1.36
1790.5	2.251	34.558	1.36
1790.5	2.249	34.561	1.36
1790.79	2.249	34.559	1.36
1790.89	2.25	34.558	1.36
1791.09	2.252	34.562	1.36
1790.79	2.252	34.56	1.36
1790.99	2.25	34.557	1.36
1791.58	2.251	34.557	1.36
1792.37	2.249	34.559	1.36
1792.27	2.246	34.56	1.36
1792.17	2.244	34.559	1.36
1792.17	2.244	34.558	1.36
1792.27	2.243	34.558	1.36
1791.98	2.259	34.556	1.36
1791.78	2.253	34.56	1.36
1791.58	2.25	34.559	1.36
1790.7	2.249	34.56	1.36
1789.51	2.249	34.56	1.36
1788.04	2.252	34.556	1.36
1785.68	2.255	34.556	1.35
1784	2.256	34.558	1.35
1783.9	2.258	34.557	1.35
1784.1	2.26	34.556	1.35
1784.1	2.26	34.558	1.35
1783.51	2.262	34.557	1.35
1783.41	2.263	34.557	1.35
1783.51	2.259	34.557	1.35
1782.72	2.263	34.557	1.35
1781.35	2.263	34.558	1.35
1780.56	2.266	34.558	1.34
1780.56	2.268	34.557	1.34
1780.36	2.268	34.558	1.34
1780.85	2.267	34.56	1.34
1780.85	2.269	34.561	1.34
1780.76	2.275	34.558	1.34
1780.36	2.27	34.556	1.34
1779.87	2.27	34.559	1.34
1779.28	2.271	34.557	1.34
1778.49	2.271	34.558	1.34
1776.92	2.271	34.558	1.34
1775.54	2.276	34.557	1.34
1774.85	2.279	34.557	1.33
1773.87	2.28	34.556	1.33
1772.19	2.281	34.556	1.33
1770.81	2.282	34.554	1.33
1769.53	2.289	34.557	1.33
1768.55	2.297	34.555	1.32
1768.35	2.297	34.555	1.32
1768.94	2.3	34.555	1.32
1769.83	2.294	34.555	1.32
1769.34	2.29	34.557	1.32
1769.44	2.293	34.554	1.32
1769.44	2.294	34.553	1.32
1769.14	2.296	34.554	1.32
1768.45	2.297	34.554	1.32
1766.68	2.296	34.555	1.32
1764.81	2.296	34.556	1.32
1764.22	2.303	34.557	1.32
1764.22	2.304	34.555	1.31
1764.02	2.304	34.555	1.31
1763.14	2.306	34.553	1.31
1762.55	2.305	34.555	1.31
1762.94	2.309	34.554	1.31
1762.94	2.308	34.554	1.31
1763.53	2.305	34.553	1.31
1763.14	2.304	34.553	1.31
1761.46	2.304	34.555	1.31
1758.71	2.304	34.556	1.31
1755.95	2.307	34.553	1.31
1753.49	2.309	34.553	1.31
1751.13	2.31	34.554	1.3
1749.16	2.31	34.555	1.3
1747.19	2.311	34.554	1.3
1745.22	2.311	34.554	1.3
1743.84	2.313	34.553	1.3
1741.97	2.319	34.553	1.3
1741.38	2.321	34.553	1.29
1739.51	2.322	34.553	1.29
1738.53	2.322	34.553	1.29
1736.66	2.325	34.552	1.29
1734.59	2.327	34.551	1.29
1732.72	2.334	34.554	1.29
1731.24	2.335	34.552	1.28
1729.47	2.338	34.551	1.28
1729.17	2.339	34.551	1.28
1728.98	2.339	34.552	1.28
1728.29	2.344	34.549	1.28
1728.09	2.342	34.55	1.28
1726.52	2.342	34.552	1.28
1724.06	2.345	34.551	1.27
1721.69	2.347	34.549	1.27
1719.03	2.354	34.549	1.26
1716.47	2.357	34.551	1.26
1714.11	2.358	34.548	1.26
1713.32	2.36	34.551	1.26
1713.13	2.36	34.55	1.26
1712.04	2.361	34.551	1.26
1711.35	2.364	34.547	1.26
1709.48	2.366	34.548	1.25
1706.73	2.37	34.549	1.25
1704.56	2.372	34.548	1.24
1702.79	2.373	34.547	1.24
1700.82	2.374	34.549	1.24
1698.46	2.374	34.548	1.24
1697.28	2.375	34.547	1.24
1697.37	2.376	34.547	1.24
1697.37	2.38	34.545	1.24
1697.47	2.376	34.549	1.24
1697.28	2.378	34.548	1.24
1697.57	2.378	34.547	1.24
1697.67	2.375	34.548	1.24
1697.87	2.377	34.547	1.24
1698.06	2.378	34.547	1.24
1698.26	2.377	34.548	1.24
1698.26	2.376	34.547	1.24
1698.46	2.377	34.546	1.24
1697.96	2.38	34.547	1.24
1697.77	2.384	34.545	1.24
1697.96	2.385	34.544	1.24
1698.16	2.391	34.54	1.24
1697.77	2.383	34.548	1.24
1696.68	2.381	34.549	1.24
1694.72	2.38	34.549	1.24
1692.75	2.386	34.544	1.23
1690.48	2.391	34.546	1.23
1687.33	2.394	34.547	1.23
1684.57	2.398	34.544	1.22
1683.69	2.404	34.548	1.22
1682.41	2.41	34.545	1.21
1679.16	2.416	34.544	1.21
1676.79	2.418	34.545	1.21
1674.63	2.42	34.544	1.2
1671.87	2.421	34.543	1.2
1669.41	2.431	34.543	1.2
1666.65	2.442	34.54	1.19
1663.5	2.448	34.542	1.18
1660.64	2.45	34.544	1.18
1659.17	2.452	34.541	1.18
1656.51	2.457	34.54	1.17
1653.45	2.467	34.539	1.17
1650.7	2.473	34.541	1.17
1647.45	2.477	34.539	1.17
1644.89	2.478	34.542	1.16
1642.03	2.487	34.538	1.16
1639.17	2.486	34.539	1.15
1636.32	2.488	34.538	1.15
1633.66	2.491	34.539	1.15
1631.49	2.496	34.54	1.15
1629.42	2.499	34.539	1.14
1627.95	2.501	34.538	1.14
1627.55	2.502	34.539	1.14
1627.75	2.503	34.537	1.14
1627.65	2.506	34.538	1.14
1628.04	2.51	34.535	1.14
1628.54	2.504	34.539	1.14
1628.64	2.501	34.539	1.14
1628.73	2.501	34.538	1.14
1629.23	2.502	34.539	1.14
1629.13	2.501	34.54	1.14
1628.83	2.503	34.538	1.14
1628.83	2.504	34.541	1.14
1628.64	2.503	34.541	1.14
1628.64	2.506	34.538	1.14
1628.93	2.506	34.537	1.14
1628.73	2.506	34.537	1.14
1628.83	2.51	34.535	1.14
1628.73	2.505	34.537	1.14
1628.73	2.505	34.537	1.14
1628.14	2.508	34.537	1.14
1627.36	2.509	34.537	1.14
1626.47	2.513	34.538	1.13
1626.76	2.514	34.535	1.13
1626.67	2.521	34.537	1.13
1626.07	2.522	34.537	1.13
1625.58	2.527	34.536	1.12
1624.6	2.528	34.537	1.12
1624.6	2.529	34.536	1.11
1623.91	2.529	34.534	1.11
1621.15	2.527	34.535	1.11
1618.39	2.528	34.538	1.11
1615.83	2.528	34.537	1.11
1614.25	2.532	34.537	1.11
1614.16	2.546	34.533	1.1
1614.25	2.547	34.533	1.1
1613.66	2.54	34.534	1.1
1614.35	2.535	34.536	1.1
1614.65	2.543	34.535	1.1
1614.85	2.543	34.535	1.1
1614.94	2.547	34.533	1.1
1614.94	2.55	34.53	1.1
1614.94	2.549	34.533	1.1
1615.24	2.55	34.533	1.1
1615.24	2.552	34.536	1.1
1615.44	2.553	34.535	1.1
1615.54	2.551	34.535	1.09
1615.73	2.551	34.534	1.09
1615.83	2.551	34.533	1.09
1616.13	2.545	34.532	1.09
1615.93	2.548	34.529	1.1
1614.16	2.555	34.535	1.1
1612.58	2.553	34.532	1.09
1609.72	2.556	34.533	1.09
1607.36	2.558	34.532	1.09
1605.39	2.562	34.533	1.1
1602.83	2.56	34.535	1.09
1600.46	2.559	34.536	1.09
1598.1	2.566	34.534	1.09
1595.64	2.578	34.534	1.09
1593.77	2.588	34.533	1.08
1592.09	2.597	34.528	1.07
1590.61	2.6	34.529	1.07
1589.33	2.602	34.529	1.06
1586.38	2.605	34.529	1.06
1582.83	2.606	34.528	1.06
1579.48	2.608	34.528	1.06
1576.23	2.609	34.529	1.06
1573.87	2.612	34.527	1.05
1573.18	2.614	34.528	1.05
1573.37	2.613	34.529	1.05
1573.57	2.614	34.528	1.06
1573.47	2.611	34.528	1.05
1572.19	2.614	34.527	1.05
1569.33	2.618	34.527	1.05
1566.67	2.62	34.527	1.05
1564.11	2.624	34.526	1.04
1561.94	2.627	34.525	1.04
1559.87	2.627	34.526	1.04
1559.97	2.628	34.526	1.04
1559.28	2.628	34.527	1.04
1557.9	2.631	34.524	1.04
1557.51	2.63	34.526	1.04
1557.02	2.63	34.526	1.04
1555.64	2.63	34.526	1.04
1556.43	2.631	34.526	1.04
1556.03	2.632	34.526	1.04
1555.84	2.632	34.525	1.04
1553.86	2.631	34.526	1.04
1550.71	2.632	34.526	1.04
1547.85	2.637	34.525	1.04
1544.5	2.656	34.519	1.03
1541.45	2.662	34.524	1.02
1540.56	2.663	34.525	1.02
1538.89	2.666	34.524	1.02
1536.33	2.669	34.525	1.01
1533.86	2.671	34.524	1.01
1532.88	2.673	34.525	1.01
1531.69	2.675	34.524	1.01
1531.79	2.676	34.524	1.01
1532.29	2.676	34.524	1.01
1532.38	2.678	34.524	1.01
1532.38	2.684	34.519	1.01
1532.29	2.683	34.524	1.01
1532.29	2.684	34.53	1.01
1532.58	2.693	34.519	1.01
1532.58	2.692	34.518	1.01
1532.38	2.69	34.525	1.01
1532.19	2.68	34.53	1.01
1531.2	2.677	34.529	1.01
1529.82	2.68	34.525	1.01
1529.13	2.678	34.524	1.01
1527.26	2.679	34.523	1.01
1524.3	2.682	34.524	1.01
1521.54	2.683	34.524	1.01
1519.48	2.684	34.524	1
1518.29	2.683	34.525	1
1517.31	2.685	34.523	1
1515.34	2.683	34.525	1
1512.87	2.688	34.524	1
1511.2	2.691	34.524	1
1508.44	2.693	34.525	1
1505.78	2.695	34.525	1
1503.9	2.697	34.523	1
1502.62	2.697	34.523	1
1502.33	2.697	34.523	1
1501.54	2.698	34.523	1
1500.95	2.699	34.522	1
1499.86	2.697	34.523	1
1497.3	2.699	34.522	1
1494.84	2.699	34.522	0.99
1492.08	2.705	34.52	0.99
1489.12	2.704	34.524	0.99
1486.16	2.727	34.514	0.99
1483.5	2.743	34.516	0.97
1480.94	2.757	34.515	0.96
1477.98	2.761	34.515	0.96
1474.73	2.762	34.518	0.95
1472.56	2.765	34.517	0.95
1470.69	2.768	34.514	0.95
1467.24	2.786	34.507	0.95
1463.49	2.791	34.51	0.94
1460.04	2.803	34.508	0.93
1457.78	2.816	34.515	0.92
1456.59	2.816	34.511	0.92
1454.42	2.824	34.511	0.92
1451.17	2.833	34.511	0.91
1449.2	2.843	34.51	0.9
1447.13	2.849	34.508	0.9
1444.27	2.852	34.508	0.89
1440.92	2.853	34.508	0.89
1437.67	2.854	34.511	0.89
1434.71	2.855	34.512	0.89
1432.24	2.856	34.508	0.89
1431.95	2.857	34.508	0.89
1431.95	2.858	34.507	0.88
1431.65	2.858	34.507	0.88
1431.46	2.859	34.508	0.89
1431.16	2.858	34.511	0.88
1430.96	2.86	34.508	0.88
1430.67	2.859	34.509	0.88
1430.57	2.859	34.509	0.88
1430.17	2.859	34.51	0.88
1429.78	2.863	34.508	0.88
1429.48	2.871	34.508	0.88
1429.38	2.896	34.512	0.88
1429.09	2.881	34.506	0.88
1428.69	2.882	34.506	0.88
1428.2	2.882	34.508	0.88
1428.1	2.874	34.512	0.88
1427.61	2.868	34.508	0.88
1427.22	2.862	34.512	0.88
1426.72	2.865	34.51	0.88
1426.03	2.865	34.509	0.88
1424.46	2.862	34.508	0.88
1421.6	2.867	34.507	0.88
1419.33	2.884	34.498	0.87
1416.86	2.897	34.505	0.87
1414.3	2.902	34.504	0.86
1411.74	2.909	34.504	0.86
1408.68	2.915	34.502	0.86
1405.62	2.92	34.502	0.85
1402.37	2.921	34.505	0.85
1399.71	2.922	34.503	0.85
1396.55	2.923	34.506	0.85
1393.99	2.927	34.502	0.85
1391.33	2.933	34.5	0.85
1387.88	2.938	34.5	0.84
1384.33	2.948	34.495	0.84
1380.68	2.962	34.498	0.83
1377.23	2.964	34.5	0.83
1373.77	2.967	34.497	0.82
1371.01	2.973	34.499	0.82
1369.34	2.974	34.499	0.82
1367.56	2.975	34.5	0.82
1366.97	2.979	34.498	0.82
1366.67	2.98	34.502	0.82
1366.28	2.978	34.5	0.82
1365.19	2.978	34.5	0.82
1362.73	2.983	34.496	0.82
1359.57	2.989	34.497	0.81
1356.22	2.992	34.498	0.81
1353.06	2.996	34.496	0.81
1350.01	3.002	34.494	0.81
1346.85	3.005	34.494	0.8
1345.67	3.008	34.499	0.8
1345.86	3.01	34.496	0.8
1345.96	3.011	34.495	0.8
1345.96	3.01	34.497	0.8
1345.67	3.011	34.495	0.8
1345.67	3.01	34.498	0.8
1345.47	3.01	34.497	0.8
1345.57	3.009	34.497	0.8
1345.37	3.009	34.497	0.8
1345.17	3.033	34.533	0.8
1345.17	3.034	34.514	0.8
1344.78	3.023	34.499	0.8
1344.78	3.014	34.501	0.8
1344.98	3.019	34.497	0.8
1344.98	3.023	34.504	0.8
1344.88	3.027	34.499	0.8
1344.88	3.025	34.497	0.8
1344.98	3.025	34.496	0.8
1345.27	3.021	34.497	0.8
1344.78	3.024	34.497	0.8
1344.98	3.022	34.499	0.8
1344.29	3.016	34.502	0.8
1343.69	3.016	34.497	0.8
1344.29	3.015	34.496	0.8
1344.58	3.011	34.499	0.8
1345.17	3.014	34.496	0.8
1344.88	3.017	34.495	0.8
1342.51	3.015	34.496	0.8
1340.24	3.016	34.497	0.8
1337.88	3.019	34.496	0.8
1334.52	3.047	34.483	0.79
1331.46	3.064	34.492	0.78
1329.1	3.07	34.492	0.77
1326.43	3.072	34.491	0.77
1323.47	3.075	34.491	0.77
1320.32	3.076	34.491	0.77
1317.75	3.079	34.49	0.76
1315.29	3.079	34.49	0.76
1312.03	3.08	34.491	0.76
1308.58	3.081	34.491	0.76
1305.42	3.084	34.49	0.76
1301.87	3.086	34.491	0.76
1298.72	3.089	34.491	0.76
1297.04	3.098	34.492	0.75
1295.85	3.106	34.487	0.75
1294.97	3.11	34.487	0.74
1294.47	3.11	34.489	0.74
1293.19	3.11	34.492	0.74
1292.11	3.113	34.489	0.74
1290.72	3.119	34.488	0.74
1289.54	3.132	34.487	0.73
1289.44	3.147	34.482	0.72
1288.85	3.146	34.484	0.72
1288.26	3.147	34.484	0.72
1288.55	3.148	34.486	0.72
1288.85	3.148	34.484	0.72
1289.24	3.149	34.484	0.72
1289.54	3.148	34.486	0.72
1289.54	3.149	34.485	0.72
1289.44	3.151	34.482	0.72
1289.44	3.151	34.484	0.72
1288.95	3.15	34.483	0.72
1288.85	3.149	34.484	0.72
1289.15	3.151	34.484	0.72
1288.75	3.15	34.489	0.72
1288.06	3.152	34.485	0.72
1287.77	3.152	34.486	0.72
1287.47	3.153	34.486	0.72
1287.27	3.153	34.485	0.72
1287.37	3.154	34.485	0.72
1287.37	3.155	34.484	0.72
1287.27	3.154	34.484	0.72
1288.16	3.156	34.484	0.72
1288.26	3.158	34.486	0.72
1288.36	3.166	34.485	0.72
1287.96	3.158	34.488	0.72
1287.37	3.155	34.485	0.72
1286.78	3.156	34.485	0.72
1286.78	3.156	34.487	0.72
1286.98	3.156	34.484	0.72
1286.38	3.157	34.484	0.71
1285.4	3.158	34.483	0.71
1284.11	3.161	34.485	0.71
1283.62	3.162	34.484	0.71
1283.52	3.162	34.484	0.71
1282.63	3.163	34.485	0.71
1281.16	3.164	34.484	0.71
1279.77	3.167	34.483	0.71
1278.69	3.17	34.483	0.71
1277.8	3.172	34.484	0.71
1276.42	3.174	34.484	0.71
1275.04	3.177	34.484	0.71
1274.54	3.176	34.483	0.7
1273.07	3.179	34.482	0.7
1271.39	3.183	34.482	0.7
1270.11	3.183	34.48	0.69
1269.02	3.184	34.48	0.68
1267.84	3.186	34.48	0.68
1267.24	3.191	34.477	0.68
1267.24	3.193	34.479	0.67
1267.34	3.197	34.478	0.68
1267.44	3.202	34.479	0.68
1267.44	3.202	34.478	0.68
1267.05	3.206	34.48	0.68
1266.36	3.218	34.48	0.68
1264.88	3.225	34.479	0.67
1263.3	3.229	34.477	0.67
1262.31	3.235	34.477	0.67
1260.93	3.235	34.478	0.67
1259.65	3.235	34.477	0.67
1259.15	3.237	34.476	0.67
1258.36	3.238	34.478	0.67
1257.38	3.238	34.477	0.66
1256.59	3.239	34.477	0.66
1255.5	3.238	34.477	0.66
1254.71	3.239	34.477	0.66
1254.32	3.238	34.477	0.66
1254.02	3.239	34.476	0.66
1254.12	3.241	34.476	0.66
1254.12	3.243	34.475	0.66
1254.12	3.247	34.471	0.66
1254.12	3.242	34.475	0.66
1253.63	3.242	34.475	0.66
1252.84	3.24	34.477	0.66
1252.05	3.244	34.477	0.66
1252.05	3.253	34.474	0.66
1252.15	3.247	34.477	0.66
1251.85	3.244	34.477	0.66
1251.75	3.245	34.476	0.66
1251.46	3.246	34.475	0.66
1251.26	3.251	34.47	0.66
1250.87	3.244	34.476	0.66
1250.37	3.242	34.476	0.66
1249.48	3.243	34.477	0.66
1249.09	3.249	34.475	0.66
1248.79	3.25	34.475	0.66
1248	3.249	34.477	0.66
1247.12	3.249	34.477	0.66
1246.42	3.251	34.475	0.66
1244.94	3.248	34.476	0.66
1242.97	3.249	34.476	0.66
1240.41	3.253	34.473	0.66
1237.15	3.259	34.474	0.65
1235.27	3.257	34.475	0.65
1233.89	3.275	34.473	0.64
1232.61	3.279	34.471	0.63
1230.34	3.28	34.472	0.63
1229.25	3.279	34.472	0.63
1228.76	3.279	34.472	0.63
1228.27	3.28	34.471	0.63
1227.77	3.283	34.471	0.63
1226.99	3.288	34.476	0.63
1226.99	3.29	34.469	0.63
1226.69	3.29	34.471	0.63
1226.49	3.29	34.47	0.63
1225.41	3.292	34.47	0.63
1223.33	3.296	34.471	0.63
1221.16	3.306	34.469	0.63
1218.5	3.311	34.471	0.64
1215.14	3.316	34.47	0.64
1212.08	3.321	34.47	0.63
1210.7	3.322	34.469	0.62
1210.5	3.323	34.469	0.62
1209.62	3.323	34.47	0.62
1209.22	3.329	34.472	0.62
1208.83	3.328	34.471	0.62
1208.14	3.326	34.469	0.62
1207.64	3.326	34.47	0.62
1206.46	3.327	34.469	0.62
1205.67	3.327	34.468	0.62
1204.09	3.331	34.47	0.62
1202.81	3.334	34.469	0.62
1201.72	3.337	34.467	0.61
1201.13	3.344	34.465	0.61
1200.44	3.34	34.469	0.61
1199.35	3.339	34.468	0.61
1199.94	3.34	34.467	0.61
1198.96	3.34	34.468	0.61
1197.38	3.34	34.468	0.61
1197.18	3.341	34.469	0.61
1197.38	3.341	34.469	0.61
1197.38	3.341	34.469	0.61
1197.38	3.342	34.468	0.61
1197.77	3.342	34.468	0.61
1197.87	3.342	34.467	0.61
1198.27	3.34	34.468	0.61
1198.46	3.34	34.468	0.61
1198.56	3.34	34.468	0.61
1198.86	3.339	34.468	0.61
1198.56	3.34	34.469	0.61
1196.88	3.34	34.471	0.61
1194.81	3.342	34.468	0.61
1194.22	3.348	34.467	0.61
1194.42	3.348	34.468	0.61
1194.91	3.344	34.468	0.61
1194.71	3.348	34.466	0.61
1193.83	3.349	34.469	0.61
1194.22	3.355	34.467	0.61
1193.33	3.351	34.468	0.61
1192.15	3.351	34.467	0.6
1192.25	3.35	34.47	0.6
1190.67	3.356	34.466	0.6
1188.2	3.364	34.464	0.6
1186.32	3.369	34.466	0.6
1185.24	3.39	34.463	0.59
1185.14	3.392	34.463	0.58
1184.84	3.391	34.465	0.58
1184.25	3.392	34.465	0.58
1184.35	3.392	34.463	0.58
1184.05	3.393	34.463	0.58
1181.98	3.392	34.461	0.58
1178.53	3.391	34.463	0.58
1175.47	3.39	34.463	0.58
1172.6	3.395	34.462	0.58
1172.41	3.402	34.461	0.58
1171.81	3.401	34.461	0.58
1171.62	3.402	34.462	0.58
1171.12	3.405	34.463	0.58
1171.02	3.404	34.462	0.58
1171.12	3.403	34.462	0.58
1170.63	3.405	34.462	0.58
1170.23	3.408	34.46	0.58
1169.94	3.41	34.463	0.58
1169.64	3.42	34.46	0.58
1170.83	3.406	34.458	0.58
1171.02	3.407	34.461	0.58
1171.22	3.409	34.461	0.58
1171.42	3.415	34.459	0.58
1171.52	3.419	34.463	0.58
1171.42	3.413	34.462	0.58
1171.12	3.412	34.461	0.58
1170.83	3.421	34.455	0.58
1170.93	3.42	34.461	0.58
1170.83	3.417	34.465	0.58
1170.83	3.418	34.46	0.58
1171.02	3.419	34.462	0.58
1170.83	3.42	34.462	0.58
1171.02	3.419	34.461	0.58
1171.52	3.417	34.461	0.58
1171.52	3.415	34.464	0.58
1172.51	3.413	34.463	0.58
1173.59	3.413	34.461	0.58
1174.18	3.412	34.461	0.58
1174.68	3.407	34.461	0.58
1174.97	3.406	34.461	0.58
1175.76	3.401	34.46	0.58
1176.55	3.397	34.462	0.58
1176.65	3.398	34.462	0.58
1175.76	3.401	34.462	0.58
1175.37	3.402	34.462	0.58
1175.66	3.404	34.462	0.58
1175.37	3.406	34.46	0.58
1172.6	3.411	34.46	0.58
1169.64	3.425	34.459	0.58
1167.27	3.445	34.457	0.58
1164.71	3.45	34.462	0.57
1163.62	3.45	34.459	0.57
1161.84	3.453	34.46	0.58
1159.57	3.459	34.46	0.57
1157.11	3.46	34.459	0.57
1154.74	3.461	34.459	0.57
1151.87	3.464	34.459	0.57
1150.39	3.476	34.456	0.57
1150.2	3.476	34.458	0.56
1148.52	3.479	34.457	0.56
1146.35	3.49	34.454	0.56
1143.68	3.496	34.458	0.55
1141.71	3.497	34.456	0.55
1139.63	3.498	34.455	0.55
1137.16	3.502	34.454	0.55
1134.89	3.503	34.457	0.54
1134.89	3.505	34.456	0.54
1135.19	3.514	34.447	0.54
1135.09	3.511	34.453	0.54
1135.19	3.51	34.452	0.54
1135.29	3.51	34.453	0.54
1135.49	3.51	34.453	0.54
1135.39	3.511	34.454	0.54
1135.58	3.512	34.454	0.54
1135.58	3.513	34.453	0.54
1134.99	3.516	34.456	0.54
1135.29	3.515	34.455	0.54
1135.19	3.517	34.452	0.54
1134.6	3.517	34.454	0.54
1134.7	3.519	34.453	0.53
1135.19	3.523	34.452	0.53
1136.08	3.519	34.453	0.53
1136.37	3.519	34.453	0.53
1135.98	3.521	34.453	0.53
1135.39	3.532	34.446	0.53
1134.3	3.54	34.45	0.53
1132.92	3.542	34.45	0.53
1131.64	3.548	34.45	0.53
1130.25	3.554	34.451	0.52
1128.08	3.563	34.448	0.52
1125.32	3.567	34.45	0.52
1123.05	3.572	34.45	0.52
1122.26	3.576	34.448	0.51
1120.28	3.594	34.446	0.51
1117.62	3.599	34.448	0.51
1115.25	3.6	34.447	0.51
1113.37	3.605	34.447	0.51
1112.98	3.61	34.447	0.52
1113.17	3.612	34.446	0.52
1111.99	3.612	34.446	0.51
1109.12	3.617	34.445	0.51
1106.85	3.624	34.444	0.51
1104.58	3.649	34.442	0.51
1102.21	3.658	34.443	0.51
1100.04	3.663	34.446	0.51
1098.07	3.666	34.446	0.51
1095.2	3.676	34.442	0.51
1094.21	3.689	34.445	0.51
1094.31	3.694	34.446	0.51
1094.12	3.694	34.445	0.51
1094.41	3.692	34.446	0.51
1094.41	3.69	34.446	0.51
1094.12	3.693	34.443	0.51
1091.65	3.706	34.439	0.51
1088.09	3.72	34.441	0.51
1085.62	3.743	34.443	0.51
1083.45	3.75	34.442	0.5
1080.69	3.755	34.442	0.5
1078.12	3.769	34.434	0.5
1075.75	3.771	34.441	0.5
1073.28	3.767	34.445	0.48
1070.91	3.768	34.437	0.48
1068.05	3.771	34.437	0.48
1065.68	3.772	34.438	0.48
1064.69	3.774	34.438	0.48
1063.5	3.774	34.438	0.48
1061.72	3.776	34.436	0.48
1059.16	3.787	34.433	0.47
1058.17	3.789	34.435	0.47
1055.8	3.792	34.434	0.46
1054.81	3.791	34.435	0.46
1052.54	3.789	34.434	0.46
1049.18	3.792	34.433	0.46
1045.53	3.803	34.427	0.46
1042.17	3.812	34.428	0.46
1038.51	3.832	34.424	0.46
1035.85	3.847	34.427	0.46
1033.18	3.854	34.433	0.46
1031.5	3.856	34.433	0.46
1028.74	3.858	34.434	0.46
1027.25	3.858	34.434	0.46
1027.25	3.858	34.434	0.46
1026.66	3.858	34.433	0.46
1024.39	3.861	34.432	0.45
1021.43	3.87	34.43	0.45
1019.45	3.873	34.434	0.45
1018.07	3.875	34.434	0.45
1017.48	3.876	34.434	0.45
1016.98	3.877	34.433	0.45
1016.29	3.882	34.432	0.45
1014.12	3.887	34.43	0.45
1011.05	3.889	34.428	0.45
1007.89	3.907	34.425	0.44
1005.13	3.915	34.427	0.44
1001.67	3.924	34.427	0.44
999.3	3.93	34.427	0.43
996.73	3.949	34.416	0.43
994.95	3.944	34.431	0.43
995.15	3.947	34.426	0.43
994.75	3.955	34.428	0.43
994.16	3.965	34.425	0.43
992.78	3.964	34.421	0.42
990.41	3.962	34.421	0.41
988.83	3.964	34.42	0.41
985.86	3.965	34.419	0.4
982.8	3.987	34.413	0.4
979.84	4.016	34.417	0.4
976.48	4.025	34.418	0.41
973.32	4.037	34.416	0.4
972.43	4.042	34.423	0.4
972.03	4.043	34.422	0.4
971.83	4.044	34.42	0.4
971.93	4.043	34.421	0.4
971.54	4.044	34.42	0.4
971.73	4.05	34.421	0.4
972.13	4.066	34.413	0.4
972.62	4.048	34.422	0.4
973.22	4.048	34.422	0.4
973.32	4.054	34.42	0.4
973.51	4.05	34.42	0.4
973.71	4.062	34.408	0.4
973.32	4.038	34.423	0.4
973.81	4.029	34.423	0.41
973.22	4.035	34.421	0.41
972.92	4.034	34.422	0.4
972.82	4.043	34.418	0.4
972.03	4.042	34.422	0.4
972.43	4.048	34.417	0.4
972.52	4.039	34.418	0.41
971.73	4.041	34.421	0.4
970.05	4.044	34.419	0.4
967.58	4.045	34.42	0.4
965.31	4.047	34.42	0.4
962.64	4.048	34.419	0.4
959.58	4.05	34.421	0.4
956.62	4.061	34.416	0.4
954.64	4.077	34.416	0.39
952.17	4.098	34.415	0.39
949.3	4.102	34.415	0.39
946.34	4.109	34.416	0.39
943.57	4.118	34.413	0.38
941	4.122	34.413	0.38
938.14	4.151	34.396	0.37
935.17	4.163	34.405	0.37
932.01	4.175	34.41	0.37
929.54	4.182	34.411	0.37
926.67	4.188	34.41	0.37
924.01	4.195	34.41	0.37
921.83	4.198	34.409	0.37
918.67	4.198	34.41	0.36
915.51	4.198	34.409	0.36
912.74	4.202	34.407	0.36
910.17	4.211	34.405	0.35
907.3	4.208	34.404	0.35
904.54	4.207	34.399	0.34
901.57	4.216	34.395	0.33
898.61	4.222	34.394	0.33
895.74	4.231	34.391	0.33
892.48	4.236	34.391	0.32
889.51	4.241	34.389	0.32
886.45	4.248	34.387	0.31
883.58	4.252	34.388	0.31
880.72	4.254	34.385	0.3
878.25	4.26	34.386	0.3
876.17	4.263	34.385	0.3
874.69	4.267	34.384	0.3
873.5	4.27	34.383	0.3
872.31	4.273	34.38	0.3
871.42	4.28	34.38	0.29
869.55	4.288	34.374	0.29
866.88	4.298	34.371	0.29
864.01	4.302	34.375	0.29
861.44	4.314	34.374	0.28
858.97	4.32	34.374	0.28
856.3	4.32	34.371	0.27
853.43	4.321	34.372	0.27
850.57	4.322	34.371	0.27
849.38	4.327	34.369	0.27
848.19	4.332	34.371	0.27
848	4.331	34.369	0.27
847.8	4.33	34.369	0.27
846.61	4.328	34.369	0.27
846.51	4.329	34.369	0.27
846.81	4.328	34.368	0.27
847.2	4.328	34.37	0.27
846.61	4.329	34.366	0.27
846.22	4.33	34.368	0.27
846.22	4.33	34.367	0.27
846.41	4.33	34.367	0.27
847.11	4.327	34.369	0.27
847.6	4.332	34.366	0.27
847.3	4.33	34.368	0.27
847.4	4.33	34.369	0.27
847.3	4.33	34.368	0.27
847.5	4.329	34.367	0.27
847.4	4.329	34.369	0.27
847.4	4.33	34.366	0.27
847.4	4.33	34.366	0.27
847.4	4.347	34.361	0.27
847.11	4.394	34.412	0.27
847.3	4.384	34.383	0.27
847.2	4.364	34.361	0.27
847.3	4.354	34.36	0.27
846.41	4.334	34.376	0.27
845.52	4.336	34.37	0.27
845.92	4.338	34.368	0.27
846.31	4.333	34.365	0.27
845.62	4.335	34.367	0.27
844.83	4.335	34.367	0.27
844.04	4.336	34.367	0.27
843.84	4.337	34.366	0.26
843.74	4.338	34.365	0.26
844.04	4.338	34.368	0.26
843.74	4.339	34.365	0.26
843.74	4.343	34.366	0.26
843.55	4.345	34.372	0.26
843.15	4.342	34.367	0.26
842.56	4.339	34.366	0.26
841.67	4.341	34.367	0.26
840.78	4.342	34.365	0.26
839.89	4.344	34.366	0.26
839.59	4.345	34.366	0.26
839.49	4.345	34.367	0.26
839.99	4.344	34.365	0.26
839.99	4.343	34.367	0.26
839.79	4.343	34.366	0.26
840.19	4.343	34.365	0.26
840.19	4.342	34.367	0.26
838.9	4.34	34.366	0.26
837.71	4.343	34.366	0.26
837.12	4.345	34.367	0.26
836.92	4.345	34.367	0.26
836.63	4.345	34.368	0.26
836.33	4.347	34.365	0.26
835.14	4.346	34.365	0.26
833.56	4.347	34.366	0.26
831.98	4.347	34.369	0.26
832.37	4.352	34.365	0.26
831.78	4.351	34.364	0.26
830.6	4.352	34.363	0.26
830.4	4.349	34.364	0.26
830	4.348	34.366	0.26
830.3	4.348	34.366	0.26
830.1	4.349	34.367	0.26
829.61	4.35	34.364	0.26
828.62	4.355	34.364	0.26
827.13	4.36	34.365	0.26
825.35	4.372	34.361	0.26
824.27	4.384	34.364	0.26
823.48	4.385	34.367	0.26
822.69	4.388	34.367	0.26
822.19	4.389	34.37	0.26
821.5	4.391	34.365	0.26
820.91	4.39	34.366	0.26
820.21	4.392	34.364	0.26
820.31	4.389	34.366	0.26
820.71	4.396	34.363	0.26
821.4	4.391	34.364	0.26
821.4	4.391	34.365	0.26
821.1	4.39	34.366	0.26
820.51	4.39	34.364	0.26
819.32	4.39	34.367	0.26
817.44	4.393	34.366	0.26
814.97	4.399	34.365	0.26
812.6	4.402	34.362	0.26
810.62	4.422	34.362	0.26
808.25	4.452	34.36	0.25
806.47	4.469	34.357	0.25
804.29	4.478	34.362	0.25
802.32	4.485	34.356	0.25
800.34	4.486	34.36	0.25
797.87	4.485	34.36	0.25
795.99	4.49	34.358	0.25
793.91	4.496	34.357	0.24
791.64	4.503	34.355	0.24
789.07	4.518	34.353	0.24
788.08	4.525	34.349	0.24
787.88	4.523	34.354	0.24
787.98	4.526	34.349	0.24
787.78	4.526	34.35	0.24
787.29	4.526	34.35	0.24
786.99	4.524	34.351	0.24
786.89	4.525	34.35	0.24
786.79	4.532	34.35	0.24
786.69	4.533	34.35	0.24
786.4	4.533	34.348	0.24
786.3	4.535	34.347	0.24
786.3	4.542	34.353	0.24
786.4	4.556	34.342	0.24
786.4	4.554	34.342	0.24
786.49	4.546	34.339	0.24
786.69	4.535	34.35	0.24
786.79	4.533	34.351	0.24
787.09	4.531	34.354	0.24
787.09	4.535	34.347	0.24
787.29	4.53	34.35	0.24
787.38	4.531	34.351	0.24
787.78	4.534	34.349	0.24
787.38	4.535	34.349	0.24
785.7	4.536	34.35	0.24
783.82	4.551	34.349	0.24
781.85	4.557	34.348	0.23
779.47	4.568	34.341	0.23
776.7	4.571	34.346	0.23
773.93	4.573	34.348	0.23
771.36	4.578	34.349	0.23
769.98	4.589	34.343	0.23
766.91	4.599	34.34	0.23
763.65	4.63	34.327	0.23
760.39	4.64	34.332	0.22
756.92	4.646	34.334	0.22
753.26	4.685	34.33	0.22
750	4.697	34.328	0.22
746.34	4.702	34.326	0.22
742.48	4.708	34.327	0.22
739.22	4.718	34.325	0.22
736.65	4.724	34.324	0.22
733.98	4.75	34.322	0.21
731.6	4.777	34.322	0.21
729.43	4.781	34.318	0.21
726.26	4.789	34.315	0.21
722.9	4.808	34.31	0.21
719.63	4.819	34.313	0.21
716.76	4.832	34.313	0.21
713.99	4.852	34.31	0.21
711.03	4.867	34.305	0.21
707.76	4.871	34.305	0.21
704.5	4.872	34.304	0.21
701.13	4.877	34.303	0.21
697.67	4.887	34.301	0.21
694.21	4.919	34.293	0.21
690.35	4.946	34.29	0.21
686.49	4.948	34.294	0.21
682.93	4.948	34.293	0.21
679.96	4.948	34.293	0.21
676.7	4.949	34.294	0.21
673.53	4.957	34.292	0.21
670.56	4.975	34.289	0.21
668.19	4.981	34.289	0.21
665.61	4.987	34.287	0.21
662.45	4.989	34.287	0.21
659.38	4.993	34.286	0.21
656.11	5.004	34.285	0.21
652.85	5.005	34.284	0.21
649.98	5.012	34.283	0.22
647.01	5.019	34.281	0.22
643.94	5.03	34.277	0.22
640.97	5.037	34.273	0.22
637.71	5.048	34.27	0.22
634.54	5.061	34.267	0.22
631.28	5.072	34.263	0.23
628.01	5.082	34.261	0.23
624.94	5.083	34.26	0.23
621.87	5.088	34.259	0.23
618.81	5.099	34.258	0.23
615.64	5.114	34.254	0.23
612.37	5.135	34.251	0.24
609.01	5.165	34.244	0.24
606.33	5.184	34.247	0.24
603.27	5.226	34.249	0.25
599.21	5.252	34.247	0.25
596.24	5.261	34.248	0.25
593.47	5.267	34.247	0.26
591.49	5.265	34.243	0.26
588.62	5.273	34.237	0.26
585.25	5.282	34.234	0.27
581.79	5.294	34.233	0.27
578.52	5.32	34.228	0.28
575.15	5.322	34.229	0.28
572.09	5.323	34.229	0.28
568.92	5.334	34.226	0.28
565.75	5.354	34.219	0.29
563.37	5.366	34.22	0.3
563.18	5.369	34.215	0.3
562.38	5.368	34.215	0.3
559.51	5.37	34.213	0.31
556.15	5.374	34.211	0.31
552.68	5.379	34.209	0.31
549.22	5.399	34.201	0.31
545.85	5.423	34.202	0.32
542.39	5.458	34.2	0.33
538.52	5.484	34.201	0.34
534.56	5.494	34.199	0.34
530.6	5.518	34.198	0.34
526.64	5.538	34.19	0.36
522.78	5.551	34.186	0.37
519.12	5.558	34.188	0.38
515.26	5.571	34.185	0.38
511.69	5.588	34.186	0.38
508.32	5.61	34.185	0.39
503.77	5.624	34.182	0.39
499.41	5.652	34.178	0.41
496.64	5.666	34.177	0.42
494.36	5.68	34.175	0.42
492.18	5.684	34.175	0.43
489.01	5.692	34.175	0.43
485.55	5.71	34.173	0.43
481.98	5.723	34.171	0.44
480.5	5.73	34.168	0.45
478.02	5.738	34.167	0.45
473.96	5.743	34.166	0.46
470.39	5.75	34.166	0.46
467.42	5.769	34.162	0.47
464.95	5.81	34.16	0.48
463.06	5.821	34.158	0.49
461.68	5.833	34.157	0.5
458.61	5.859	34.15	0.51
455.24	5.877	34.15	0.51
452.17	5.915	34.151	0.53
449	5.944	34.149	0.54
446.33	5.95	34.147	0.55
446.42	5.952	34.144	0.55
443.85	5.958	34.146	0.56
439.59	5.973	34.143	0.57
435.63	5.996	34.14	0.58
430.67	6.035	34.131	0.6
427.01	6.072	34.129	0.62
425.23	6.076	34.133	0.63
422.95	6.079	34.131	0.64
421.26	6.084	34.13	0.64
419.58	6.09	34.128	0.65
418.69	6.092	34.13	0.65
417.5	6.089	34.132	0.65
417.3	6.106	34.129	0.66
416.81	6.104	34.125	0.66
416.9	6.1	34.129	0.66
416.41	6.1	34.131	0.66
416.31	6.107	34.128	0.66
416.01	6.109	34.127	0.66
415.81	6.11	34.128	0.67
415.52	6.11	34.126	0.67
414.82	6.11	34.13	0.67
413.83	6.109	34.127	0.67
413.44	6.109	34.129	0.67
413.64	6.11	34.126	0.67
413.64	6.11	34.127	0.67
413.54	6.11	34.126	0.67
413.34	6.11	34.129	0.67
413.04	6.11	34.133	0.67
412.45	6.111	34.132	0.67
412.35	6.112	34.13	0.67
412.35	6.114	34.128	0.67
411.85	6.113	34.127	0.67
411.36	6.114	34.129	0.67
410.86	6.115	34.128	0.67
410.46	6.122	34.125	0.67
410.46	6.128	34.125	0.68
410.07	6.129	34.123	0.68
410.37	6.128	34.125	0.68
410.37	6.127	34.127	0.68
409.77	6.135	34.125	0.68
409.77	6.135	34.121	0.68
410.07	6.132	34.126	0.68
409.47	6.145	34.131	0.68
408.68	6.14	34.125	0.68
408.29	6.138	34.123	0.68
407.69	6.14	34.122	0.68
407.39	6.14	34.122	0.69
407.39	6.14	34.121	0.68
407.39	6.14	34.128	0.68
407.39	6.141	34.122	0.69
407.39	6.14	34.127	0.68
407.49	6.14	34.13	0.68
407.59	6.14	34.123	0.68
408.19	6.14	34.123	0.68
408.29	6.138	34.13	0.68
408.19	6.139	34.124	0.68
407.69	6.139	34.124	0.68
408.09	6.139	34.124	0.68
407.99	6.139	34.127	0.68
407.59	6.151	34.12	0.68
406.8	6.14	34.129	0.68
406.11	6.144	34.124	0.69
405.61	6.155	34.121	0.7
405.21	6.162	34.117	0.71
404.92	6.165	34.128	0.71
404.52	6.172	34.114	0.72
404.12	6.17	34.117	0.72
403.73	6.171	34.116	0.72
403.13	6.17	34.121	0.72
402.64	6.17	34.12	0.72
402.34	6.169	34.119	0.72
402.44	6.17	34.123	0.72
402.24	6.17	34.116	0.72
402.24	6.17	34.118	0.72
401.85	6.17	34.118	0.73
401.55	6.171	34.118	0.73
401.25	6.174	34.121	0.73
401.25	6.176	34.114	0.74
400.66	6.177	34.114	0.74
400.85	6.175	34.111	0.74
401.15	6.176	34.112	0.74
400.95	6.176	34.116	0.74
401.05	6.176	34.115	0.74
400.85	6.178	34.114	0.74
400.46	6.187	34.109	0.75
399.96	6.187	34.114	0.75
399.67	6.182	34.111	0.76
399.17	6.178	34.112	0.76
399.27	6.178	34.111	0.77
398.77	6.185	34.105	0.77
398.38	6.198	34.105	0.77
397.78	6.197	34.107	0.77
394.51	6.197	34.102	0.79
389.56	6.206	34.094	0.81
384.31	6.245	34.075	0.84
378.66	6.31	34.077	0.86
372.91	6.357	34.097	0.89
367.17	6.403	34.095	0.92
361.22	6.489	34.068	0.95
355.67	6.504	34.084	0.98
349.73	6.545	34.061	1.06
343.88	6.559	34.063	1.1
337.93	6.578	34.054	1.14
331.79	6.589	34.042	1.21
325.44	6.581	34.035	1.28
318.7	6.606	34.026	1.34
311.87	6.739	34.048	1.39
305.22	6.872	34.049	1.42
298.58	6.947	34.04	1.47
291.05	7.044	34.013	1.53
283.52	7.103	34.015	1.58
276.08	7.173	34.013	1.63
269.54	7.209	34.011	1.7
263.39	7.268	33.996	1.86
256.45	7.293	33.978	2
249.11	7.325	33.976	2.15
241.68	7.363	33.97	2.24
234.64	7.396	33.968	2.33
227.4	7.594	33.887	2.4
220.36	7.764	33.982	2.27
213.52	7.957	33.987	2.03
206.67	8.122	33.998	1.89
199.93	8.198	34.025	1.84
193.48	8.306	34.007	1.88
186.74	8.408	33.984	1.96
180.19	8.427	33.959	2.1
173.65	8.449	33.925	2.43
166.9	8.536	33.913	2.59
159.86	8.659	33.883	2.65
152.72	8.856	33.92	2.61
145.87	9.035	33.857	2.41
139.43	9.079	33.84	2.38
132.98	9.121	33.799	2.41
125.93	9.152	33.738	2.72
118.79	9.189	33.671	2.96
111.55	9.285	33.589	3.12
104.21	9.433	33.522	3.29
96.47	9.587	33.502	3.37
89.42	9.812	33.428	3.52
82.28	10.406	33.18	3.85
74.64	10.874	33.053	4.1
68.09	11.341	33.046	4.3
61.93	12.252	32.877	4.51
56.08	13.02	32.942	4.94
50.12	13.41	32.769	5.23
44.57	13.673	32.759	5.31
40.6	13.759	32.805	5.34
39.51	13.759	32.806	5.35
39.9	13.759	32.807	5.36
39.6	13.757	32.808	5.37
38.22	13.758	32.805	5.37
36.13	13.761	32.806	5.38
32.16	13.765	32.803	5.39
27.2	13.767	32.806	5.39
22.04	13.767	32.807	5.4
16.97	13.771	32.806	5.41
12.9	13.823	32.805	5.41
11.02	13.868	32.799	5.41
