2.48	13.438	32.985	5.44
2.48	13.433	32.932	5.47
2.58	13.417	32.886	5.62
2.58	13.41	32.913	5.66
2.88	13.396	32.88	5.69
7.54	13.379	32.942	5.72
14.39	13.313	32.892	5.73
19.36	12.557	32.728	5.68
21.24	10.755	32.567	5.41
22.73	10.405	32.67	5.23
25.71	10.001	32.724	5.07
26.5	10.061	32.658	5.04
29.98	9.774	32.778	4.97
32.86	9.683	32.819	4.9
33.05	9.68	32.82	4.9
35.83	9.684	32.885	4.84
39.7	9.788	32.993	4.61
41.29	9.823	33.024	4.53
42.98	9.886	33.062	4.45
46.55	9.965	33.15	4.29
49.13	10.133	33.325	3.92
53	10.328	33.387	3.63
58.16	10.307	33.423	3.51
61.44	10.25	33.451	3.38
63.13	10.196	33.479	3.24
66.4	10.117	33.512	3.09
74.54	10.026	33.547	2.93
82.38	9.914	33.596	2.76
89.72	9.856	33.619	2.65
97.16	9.828	33.625	2.62
103.11	9.821	33.626	2.61
106.49	9.821	33.628	2.6
108.77	9.822	33.629	2.59
110.66	9.822	33.631	2.57
112.34	9.795	33.643	2.56
114.13	9.726	33.67	2.48
115.91	9.669	33.684	2.42
117.9	9.639	33.704	2.36
119.78	9.634	33.707	2.34
121.57	9.63	33.708	2.33
123.45	9.627	33.708	2.33
125.04	9.624	33.711	2.32
126.53	9.623	33.71	2.32
128.51	9.611	33.719	2.31
129.6	9.604	33.723	2.29
130.4	9.594	33.729	2.29
131.79	9.576	33.735	2.27
133.08	9.575	33.736	2.25
134.37	9.571	33.737	2.25
135.46	9.569	33.739	2.25
137.34	9.563	33.742	2.24
139.33	9.546	33.749	2.23
141.41	9.539	33.75	2.22
143.39	9.534	33.751	2.22
145.68	9.521	33.755	2.21
148.85	9.459	33.783	2.17
151.13	9.428	33.801	2.12
152.82	9.38	33.803	2.09
154.21	9.348	33.806	2.06
155.5	9.351	33.812	2.05
156.88	9.339	33.82	2.04
157.78	9.337	33.823	2.04
157.68	9.339	33.823	2.04
157.38	9.338	33.823	2.04
157.58	9.339	33.823	2.04
157.98	9.337	33.823	2.04
159.07	9.333	33.826	2.04
160.75	9.323	33.829	2.04
162.14	9.313	33.828	2.04
163.53	9.276	33.833	2.04
164.52	9.247	33.842	2.02
164.42	9.275	33.834	2.02
164.52	9.267	33.838	2.02
164.13	9.264	33.838	2.02
163.53	9.257	33.84	2.02
163.33	9.258	33.838	2.01
163.23	9.256	33.842	2.01
162.64	9.259	33.841	2.02
162.24	9.261	33.842	2.02
161.94	9.262	33.838	2.01
161.55	9.291	33.827	2.02
161.65	9.282	33.834	2.02
162.34	9.261	33.843	2.02
163.43	9.231	33.845	2
164.22	9.212	33.853	1.98
164.22	9.211	33.851	1.97
164.32	9.219	33.85	1.97
164.22	9.221	33.849	1.97
164.22	9.209	33.853	1.97
164.22	9.212	33.852	1.97
164.13	9.22	33.848	1.97
164.42	9.222	33.845	1.97
164.42	9.225	33.845	1.97
164.62	9.219	33.851	1.97
165.02	9.214	33.85	1.97
165.61	9.195	33.854	1.97
165.71	9.188	33.857	1.96
166.11	9.201	33.854	1.97
166.61	9.201	33.856	1.97
167.6	9.172	33.86	1.95
168.49	9.144	33.868	1.94
169.09	9.139	33.865	1.93
169.38	9.139	33.861	1.93
169.48	9.137	33.864	1.93
170.08	9.133	33.866	1.93
170.18	9.136	33.864	1.93
170.18	9.155	33.853	1.93
170.47	9.136	33.865	1.93
170.77	9.134	33.86	1.93
170.97	9.125	33.868	1.93
171.66	9.118	33.87	1.92
171.96	9.119	33.867	1.92
172.66	9.11	33.867	1.92
172.85	9.104	33.87	1.92
173.35	9.103	33.872	1.92
173.05	9.102	33.872	1.92
172.56	9.101	33.872	1.92
172.16	9.094	33.871	1.92
171.86	9.123	33.869	1.92
171.47	9.135	33.868	1.93
170.87	9.148	33.865	1.93
170.18	9.166	33.86	1.94
168.59	9.175	33.859	1.95
167.6	9.188	33.855	1.96
166.41	9.203	33.854	1.97
164.42	9.231	33.845	1.98
163.93	9.272	33.833	2.02
163.63	9.285	33.829	2.04
163.03	9.293	33.829	2.04
162.34	9.299	33.827	2.04
161.75	9.302	33.829	2.04
161.75	9.304	33.828	2.04
162.44	9.3	33.829	2.04
162.74	9.293	33.83	2.04
163.13	9.288	33.83	2.04
164.03	9.265	33.832	2.03
164.62	9.244	33.841	2.02
165.51	9.235	33.845	2
166.21	9.226	33.848	1.99
166.7	9.223	33.848	1.98
167.3	9.213	33.848	1.98
167.89	9.203	33.849	1.97
168.49	9.196	33.853	1.97
169.09	9.187	33.855	1.96
169.18	9.179	33.858	1.95
169.58	9.18	33.857	1.95
169.48	9.181	33.857	1.96
169.78	9.179	33.859	1.95
170.08	9.161	33.863	1.95
169.88	9.166	33.862	1.95
169.68	9.176	33.862	1.95
169.58	9.184	33.855	1.95
169.38	9.19	33.852	1.95
169.18	9.195	33.855	1.96
168.99	9.195	33.854	1.96
169.28	9.187	33.855	1.96
169.58	9.19	33.855	1.96
169.98	9.192	33.854	1.96
170.28	9.183	33.856	1.96
170.77	9.189	33.852	1.96
171.07	9.196	33.847	1.96
171.37	9.194	33.853	1.96
171.56	9.203	33.856	1.97
171.76	9.2	33.854	1.96
171.76	9.187	33.855	1.96
171.76	9.188	33.855	1.96
171.86	9.188	33.858	1.95
171.76	9.187	33.865	1.95
171.56	9.185	33.862	1.95
171.47	9.182	33.856	1.95
171.47	9.188	33.852	1.95
171.37	9.188	33.855	1.95
171.27	9.182	33.863	1.95
170.97	9.201	33.857	1.95
170.97	9.229	33.849	1.95
170.77	9.196	33.85	1.95
170.47	9.189	33.862	1.95
170.47	9.212	33.846	1.95
170.28	9.209	33.845	1.95
170.08	9.194	33.851	1.95
169.98	9.179	33.857	1.95
169.68	9.184	33.856	1.95
169.58	9.207	33.849	1.95
169.38	9.187	33.852	1.95
169.18	9.187	33.856	1.95
169.18	9.198	33.858	1.95
169.09	9.218	33.856	1.95
168.89	9.198	33.855	1.95
168.69	9.195	33.855	1.95
168.49	9.22	33.87	1.95
168.59	9.198	33.863	1.95
168.39	9.182	33.868	1.95
168.29	9.197	33.85	1.95
168.09	9.196	33.854	1.95
167.89	9.193	33.859	1.95
167.7	9.189	33.858	1.95
167.7	9.184	33.858	1.95
167.5	9.178	33.858	1.95
167.3	9.169	33.859	1.94
167.4	9.162	33.864	1.94
167.5	9.169	33.86	1.94
167.5	9.17	33.86	1.95
167.2	9.178	33.859	1.95
167	9.176	33.856	1.94
167	9.17	33.858	1.94
167.89	9.164	33.862	1.94
169.18	9.161	33.861	1.95
169.18	9.148	33.867	1.93
168.09	9.168	33.859	1.94
167.4	9.177	33.857	1.95
167.7	9.178	33.857	1.95
168.49	9.168	33.861	1.95
169.68	9.167	33.861	1.95
169.98	9.161	33.865	1.95
170.67	9.142	33.871	1.93
171.27	9.128	33.871	1.92
172.06	9.113	33.873	1.91
173.05	9.105	33.877	1.91
174.04	9.097	33.874	1.91
174.64	9.088	33.876	1.91
174.84	9.089	33.875	1.91
175.04	9.088	33.873	1.91
174.94	9.09	33.872	1.91
174.74	9.098	33.866	1.91
174.94	9.096	33.871	1.91
175.73	9.092	33.872	1.91
176.52	9.081	33.875	1.91
177.42	9.079	33.873	1.91
177.81	9.078	33.872	1.91
178.21	9.079	33.872	1.91
178.21	9.081	33.873	1.91
178.21	9.083	33.873	1.91
178.41	9.082	33.873	1.91
178.41	9.086	33.871	1.91
178.41	9.084	33.871	1.91
178.81	9.082	33.872	1.91
179	9.081	33.872	1.91
179.5	9.08	33.872	1.91
179.9	9.081	33.87	1.91
179.8	9.084	33.871	1.91
179.9	9.082	33.872	1.91
179.8	9.076	33.871	1.91
179.5	9.079	33.874	1.91
180	9.082	33.874	1.91
180.59	9.077	33.873	1.91
181.88	9.078	33.873	1.91
182.97	9.076	33.873	1.91
183.67	9.072	33.871	1.91
184.26	9.075	33.873	1.91
185.25	9.066	33.872	1.92
185.75	9.07	33.873	1.91
186.44	9.071	33.872	1.91
186.54	9.074	33.874	1.91
186.24	9.064	33.872	1.91
185.95	9.065	33.873	1.92
186.24	9.063	33.872	1.92
186.64	9.053	33.87	1.92
185.95	9.053	33.868	1.92
184.86	9.054	33.869	1.92
183.86	9.054	33.868	1.92
182.77	9.056	33.869	1.92
181.28	9.061	33.87	1.92
179.5	9.065	33.87	1.92
177.81	9.066	33.871	1.92
176.03	9.063	33.873	1.92
174.84	9.063	33.873	1.92
174.44	9.068	33.873	1.92
174.74	9.071	33.871	1.92
174.64	9.071	33.871	1.92
174.74	9.074	33.872	1.92
175.14	9.073	33.873	1.91
175.73	9.075	33.872	1.92
176.03	9.073	33.872	1.91
176.33	9.073	33.873	1.92
177.02	9.073	33.872	1.91
177.71	9.073	33.873	1.91
178.31	9.075	33.873	1.91
178.9	9.071	33.872	1.92
179.7	9.072	33.872	1.92
181.19	9.074	33.872	1.91
182.57	9.072	33.872	1.91
183.76	9.066	33.872	1.92
184.86	9.069	33.872	1.92
185.95	9.069	33.871	1.92
186.05	9.066	33.871	1.92
186.74	9.064	33.873	1.92
187.93	9.065	33.873	1.91
189.42	9.056	33.872	1.92
190.81	9.055	33.871	1.92
192.29	9.056	33.872	1.92
193.58	9.055	33.871	1.92
194.97	9.053	33.869	1.92
196.06	9.051	33.87	1.92
197.15	9.052	33.87	1.92
197.95	9.054	33.871	1.92
199.14	9.054	33.871	1.92
200.92	9.052	33.869	1.92
202.71	9.051	33.869	1.92
203.3	9.052	33.87	1.92
202.91	9.055	33.873	1.92
202.51	9.057	33.869	1.92
201.91	9.052	33.87	1.92
201.22	9.051	33.87	1.92
200.53	9.053	33.872	1.92
200.03	9.052	33.869	1.92
201.42	9.047	33.868	1.92
203	9.048	33.87	1.92
202.61	9.049	33.869	1.92
202.21	9.049	33.868	1.92
202.61	9.047	33.87	1.92
203	9.049	33.868	1.92
202.61	9.051	33.869	1.92
202.51	9.049	33.87	1.92
204.39	9.039	33.866	1.92
205.29	9.034	33.868	1.93
205.19	9.02	33.87	1.92
208.56	8.933	33.873	1.91
211.33	8.863	33.885	1.87
212.52	8.831	33.897	1.85
214.01	8.819	33.896	1.83
214.71	8.798	33.899	1.81
215.8	8.784	33.903	1.8
217.09	8.774	33.905	1.79
217.48	8.759	33.909	1.78
217.88	8.75	33.91	1.78
218.38	8.735	33.914	1.76
218.47	8.739	33.913	1.76
219.86	8.726	33.917	1.75
221.15	8.714	33.916	1.75
222.54	8.701	33.915	1.75
223.33	8.694	33.915	1.75
224.82	8.682	33.916	1.75
226.8	8.67	33.918	1.75
229.68	8.631	33.917	1.75
232.36	8.614	33.918	1.75
235.03	8.6	33.918	1.75
237.51	8.578	33.92	1.74
239.6	8.568	33.921	1.74
241.97	8.568	33.92	1.74
244.85	8.551	33.922	1.74
247.73	8.543	33.922	1.74
250.11	8.54	33.922	1.73
252.39	8.533	33.922	1.73
254.47	8.524	33.922	1.73
256.55	8.509	33.924	1.72
258.53	8.499	33.923	1.72
260.81	8.477	33.923	1.72
262.9	8.454	33.927	1.71
265.27	8.442	33.93	1.69
267.06	8.453	33.937	1.68
268.74	8.413	33.942	1.64
270.23	8.394	33.942	1.64
271.72	8.377	33.943	1.64
272.71	8.373	33.942	1.64
273.9	8.371	33.942	1.64
275.29	8.349	33.94	1.64
276.48	8.329	33.943	1.62
277.96	8.315	33.942	1.62
279.35	8.309	33.942	1.61
280.74	8.305	33.943	1.61
282.13	8.302	33.943	1.61
283.61	8.293	33.941	1.61
285	8.27	33.943	1.59
286.39	8.228	33.948	1.57
288.17	8.213	33.944	1.55
290.06	8.179	33.945	1.54
291.45	8.179	33.948	1.53
293.83	8.169	33.948	1.52
296.01	8.158	33.948	1.52
298.38	8.156	33.947	1.52
300.66	8.16	33.95	1.51
302.75	8.172	33.954	1.45
304.73	8.13	33.961	1.38
306.71	8.11	33.962	1.36
310.68	8.012	33.969	1.32
315.83	7.872	33.975	1.26
318.7	7.797	33.978	1.22
320.59	7.771	33.979	1.2
321.58	7.768	33.979	1.2
323.07	7.765	33.979	1.2
324.35	7.762	33.98	1.2
325.94	7.759	33.979	1.2
326.73	7.757	33.979	1.19
327.43	7.754	33.979	1.19
329.31	7.74	33.981	1.18
330.7	7.722	33.982	1.18
332.68	7.71	33.983	1.17
334.27	7.697	33.982	1.17
335.55	7.685	33.983	1.16
337.04	7.663	33.982	1.16
338.23	7.655	33.982	1.16
339.52	7.652	33.983	1.15
340.51	7.651	33.981	1.15
343.58	7.644	33.983	1.16
346.26	7.638	33.984	1.15
348.83	7.624	33.984	1.15
351.31	7.6	33.983	1.14
353.29	7.575	33.987	1.13
355.37	7.53	33.987	1.11
356.86	7.499	33.989	1.1
358.45	7.444	33.986	1.08
359.54	7.358	33.991	1.06
360.92	7.309	33.991	1.04
362.91	7.272	33.99	1.04
364.69	7.218	33.99	1.03
366.27	7.192	33.99	1.03
367.86	7.168	33.99	1.03
369.94	7.164	33.994	1.02
372.62	7.161	33.999	0.99
375.39	7.124	33.997	0.98
376.88	7.114	34	0.98
378.26	7.098	33.998	0.97
379.55	7.084	33.998	0.97
380.74	7.073	33.999	0.97
382.13	7.069	33.998	0.97
384.01	7.013	33.992	0.97
385.1	6.997	33.991	0.98
385.79	6.969	33.993	0.98
386.88	6.952	33.991	0.98
388.57	6.91	33.987	0.98
390.65	6.886	33.988	0.97
391.54	6.88	33.99	0.97
393.52	6.874	33.99	0.96
394.61	6.872	33.99	0.96
395.41	6.869	33.991	0.96
396.59	6.861	33.989	0.96
397.78	6.853	33.992	0.96
398.68	6.85	33.991	0.95
399.37	6.841	33.991	0.94
399.86	6.84	33.992	0.94
400.36	6.836	33.992	0.94
401.05	6.826	33.987	0.93
401.65	6.818	33.993	0.93
401.55	6.818	33.992	0.93
401.35	6.82	33.991	0.93
401.75	6.818	33.991	0.93
401.85	6.82	33.991	0.93
402.34	6.819	33.993	0.93
403.03	6.818	33.991	0.92
403.93	6.807	33.994	0.91
404.22	6.813	33.995	0.91
404.32	6.81	33.993	0.91
407	6.802	33.998	0.91
409.28	6.804	33.999	0.9
409.08	6.802	33.996	0.89
410.07	6.801	33.997	0.89
411.95	6.801	33.999	0.89
413.54	6.798	34	0.89
415.12	6.795	34.002	0.89
416.51	6.786	34	0.88
418.09	6.764	33.997	0.88
419.88	6.752	33.996	0.88
420.37	6.745	34.001	0.87
424.93	6.704	34	0.87
431.47	6.502	33.975	0.92
435.63	6.453	33.977	0.93
439.29	6.434	33.984	0.89
441.17	6.43	33.993	0.86
442.86	6.433	34.001	0.8
444.84	6.433	34.002	0.78
447.81	6.415	34.005	0.76
452.76	6.361	34.012	0.73
458.11	6.31	34.014	0.7
463.96	6.289	34.014	0.69
469.8	6.286	34.018	0.66
476.34	6.243	34.02	0.64
481.39	6.144	34.018	0.63
484.16	6.129	34.019	0.63
488.12	6.105	34.029	0.59
491.59	6.098	34.03	0.57
496.54	6.091	34.03	0.57
501	6.085	34.033	0.56
503.87	6.081	34.036	0.55
507.23	6.085	34.043	0.55
511.49	6.06	34.045	0.54
516.94	5.994	34.049	0.52
520.9	5.955	34.057	0.51
524.27	5.906	34.063	0.5
527.24	5.892	34.062	0.49
530.41	5.88	34.062	0.49
535.36	5.87	34.063	0.48
540.41	5.848	34.062	0.48
543.38	5.842	34.06	0.48
545.95	5.807	34.059	0.47
546.44	5.801	34.061	0.47
546.15	5.803	34.063	0.47
546.54	5.807	34.06	0.47
546.54	5.81	34.059	0.47
547.93	5.807	34.062	0.47
549.02	5.809	34.066	0.47
551.59	5.803	34.066	0.46
553.77	5.796	34.068	0.46
554.86	5.78	34.066	0.46
556.44	5.777	34.068	0.46
558.13	5.792	34.063	0.46
559.91	5.764	34.073	0.45
560.6	5.756	34.07	0.45
562.19	5.751	34.072	0.45
563.77	5.752	34.073	0.44
565.26	5.749	34.071	0.44
566.34	5.746	34.075	0.44
567.83	5.743	34.072	0.44
568.03	5.743	34.075	0.44
568.52	5.74	34.075	0.44
569.51	5.732	34.076	0.44
570.6	5.712	34.076	0.44
574.86	5.597	34.073	0.42
577.93	5.584	34.078	0.41
584.16	5.568	34.075	0.4
590.6	5.549	34.076	0.39
594.46	5.505	34.08	0.39
596.63	5.497	34.081	0.4
599.11	5.487	34.085	0.39
600	5.474	34.082	0.37
600	5.476	34.08	0.37
600.3	5.475	34.078	0.37
600.4	5.475	34.08	0.37
600.3	5.473	34.077	0.37
600.49	5.476	34.09	0.36
600.59	5.473	34.081	0.36
600.59	5.472	34.084	0.36
600.49	5.473	34.078	0.36
600.4	5.474	34.083	0.36
600.4	5.477	34.08	0.36
600.49	5.5	34.067	0.36
600.2	5.476	34.083	0.36
599.8	5.476	34.077	0.37
599.51	5.478	34.08	0.37
599.7	5.481	34.078	0.37
599.7	5.48	34.078	0.37
599.41	5.48	34.08	0.37
599.6	5.482	34.082	0.37
600	5.479	34.087	0.38
600.1	5.477	34.081	0.37
601.39	5.48	34.085	0.37
601.98	5.486	34.081	0.38
603.27	5.482	34.075	0.38
604.45	5.477	34.081	0.37
605.15	5.474	34.084	0.37
606.24	5.472	34.084	0.37
607.62	5.47	34.083	0.36
609.9	5.468	34.077	0.36
609.7	5.47	34.084	0.36
610.29	5.469	34.08	0.36
612.37	5.464	34.082	0.35
614.75	5.464	34.079	0.36
616.73	5.463	34.08	0.35
618.61	5.464	34.076	0.35
621.68	5.464	34.081	0.35
625.44	5.457	34.083	0.36
627.71	5.445	34.085	0.36
629	5.447	34.088	0.36
628.5	5.447	34.083	0.36
629	5.445	34.083	0.36
629.99	5.441	34.087	0.36
631.28	5.439	34.088	0.36
632.17	5.438	34.09	0.35
632.76	5.438	34.085	0.36
633.75	5.436	34.091	0.35
634.94	5.435	34.087	0.35
636.62	5.434	34.097	0.36
638.2	5.436	34.099	0.37
638.99	5.434	34.098	0.37
639.49	5.432	34.095	0.37
640.58	5.407	34.101	0.36
641.86	5.394	34.1	0.34
642.16	5.392	34.095	0.34
643.05	5.388	34.096	0.34
644.34	5.387	34.095	0.34
645.03	5.387	34.091	0.34
646.61	5.378	34.092	0.34
648.4	5.367	34.096	0.33
650.57	5.361	34.095	0.33
652.75	5.356	34.099	0.32
652.65	5.355	34.097	0.32
650.97	5.359	34.093	0.33
651.17	5.361	34.094	0.33
651.46	5.362	34.101	0.33
651.86	5.359	34.1	0.32
651.36	5.36	34.096	0.33
652.16	5.359	34.088	0.32
651.96	5.358	34.097	0.33
652.45	5.358	34.095	0.33
652.65	5.354	34.099	0.33
653.94	5.349	34.1	0.32
656.02	5.337	34.097	0.32
658.19	5.291	34.089	0.32
660.17	5.24	34.093	0.3
661.85	5.227	34.094	0.29
662.25	5.228	34.091	0.29
662.45	5.229	34.095	0.29
662.94	5.224	34.092	0.29
664.33	5.217	34.099	0.29
665.71	5.213	34.094	0.28
669.18	5.196	34.098	0.28
671.45	5.186	34.103	0.28
672.74	5.179	34.101	0.27
672.94	5.183	34.101	0.27
673.93	5.176	34.098	0.27
675.11	5.163	34.109	0.27
676.1	5.141	34.116	0.26
676.6	5.138	34.111	0.26
677.69	5.136	34.105	0.26
678.67	5.139	34.117	0.26
679.37	5.131	34.113	0.26
681.54	5.095	34.112	0.25
684.51	5.071	34.107	0.24
687.18	5.065	34.118	0.24
689.95	5.064	34.111	0.24
692.13	5.064	34.118	0.24
696.19	5.07	34.117	0.24
697.57	5.074	34.123	0.24
699.06	5.071	34.116	0.24
701.83	5.059	34.12	0.24
707.96	5.012	34.125	0.24
713.5	4.972	34.139	0.22
715.28	4.963	34.141	0.22
719.04	4.955	34.137	0.22
722.8	4.951	34.141	0.22
727.55	4.938	34.141	0.22
730.42	4.936	34.138	0.22
734.08	4.911	34.151	0.21
737.83	4.902	34.153	0.21
740.8	4.889	34.153	0.21
743.67	4.864	34.151	0.22
746.44	4.858	34.162	0.22
748.62	4.853	34.159	0.21
750.59	4.848	34.161	0.21
752.37	4.837	34.165	0.21
756.13	4.817	34.165	0.21
759.4	4.791	34.173	0.21
761.37	4.783	34.173	0.21
762.66	4.775	34.17	0.21
763.65	4.773	34.177	0.22
766.02	4.772	34.174	0.21
768.2	4.773	34.173	0.21
769.78	4.768	34.176	0.21
770.37	4.766	34.175	0.21
771.76	4.761	34.178	0.21
773.54	4.759	34.179	0.21
775.32	4.757	34.177	0.21
777	4.75	34.174	0.21
778.58	4.737	34.18	0.22
779.87	4.731	34.18	0.21
781.15	4.731	34.183	0.21
781.85	4.73	34.182	0.21
782.84	4.728	34.183	0.21
784.52	4.727	34.182	0.21
785.7	4.723	34.183	0.21
786.3	4.715	34.186	0.21
787.19	4.702	34.185	0.21
788.27	4.695	34.187	0.21
790.35	4.681	34.189	0.21
792.43	4.672	34.191	0.22
793.22	4.665	34.194	0.22
796.28	4.647	34.191	0.22
798.26	4.64	34.196	0.22
799.25	4.638	34.193	0.22
800.14	4.633	34.194	0.22
800.73	4.63	34.197	0.22
801.72	4.624	34.197	0.22
801.53	4.628	34.193	0.22
801.82	4.625	34.198	0.22
802.81	4.612	34.199	0.21
803.8	4.605	34.197	0.21
803.8	4.606	34.197	0.21
803.8	4.609	34.199	0.21
803.9	4.609	34.2	0.21
803.9	4.611	34.197	0.21
803.9	4.613	34.197	0.21
804.19	4.612	34.196	0.21
804.79	4.605	34.197	0.21
805.78	4.598	34.201	0.21
807.56	4.595	34.203	0.2
808.74	4.593	34.202	0.2
809.14	4.59	34.202	0.21
809.14	4.59	34.198	0.21
808.84	4.591	34.202	0.21
809.44	4.589	34.202	0.21
810.72	4.583	34.202	0.21
811.22	4.583	34.197	0.21
811.31	4.602	34.191	0.21
811.41	4.584	34.201	0.21
811.61	4.593	34.193	0.21
811.81	4.58	34.204	0.21
812.9	4.578	34.203	0.21
813.79	4.574	34.203	0.21
814.97	4.569	34.201	0.21
815.76	4.568	34.206	0.21
816.16	4.568	34.204	0.22
816.95	4.566	34.205	0.22
818.33	4.563	34.204	0.22
819.32	4.563	34.206	0.22
820.41	4.562	34.204	0.22
822.09	4.557	34.206	0.22
823.58	4.556	34.205	0.22
823.67	4.557	34.204	0.22
824.46	4.552	34.207	0.22
825.75	4.545	34.202	0.22
827.13	4.528	34.208	0.23
828.82	4.524	34.209	0.23
830.5	4.523	34.208	0.23
831.48	4.523	34.21	0.23
831.98	4.525	34.208	0.23
831.78	4.525	34.209	0.23
831.58	4.527	34.207	0.23
831.48	4.527	34.207	0.23
831.68	4.527	34.208	0.23
831.58	4.528	34.207	0.23
831.48	4.53	34.208	0.23
831.19	4.533	34.205	0.23
831.48	4.534	34.209	0.23
832.77	4.523	34.206	0.23
834.75	4.51	34.208	0.23
837.61	4.508	34.21	0.23
840.88	4.499	34.21	0.23
842.76	4.498	34.213	0.23
844.54	4.497	34.212	0.23
845.92	4.498	34.212	0.23
846.71	4.499	34.211	0.23
846.41	4.499	34.212	0.23
846.02	4.5	34.211	0.23
846.71	4.497	34.213	0.23
847.7	4.5	34.213	0.23
849.38	4.504	34.211	0.23
850.96	4.502	34.21	0.23
852.84	4.504	34.214	0.23
855.01	4.512	34.209	0.23
856.99	4.515	34.213	0.22
858.77	4.514	34.212	0.22
859.76	4.514	34.209	0.22
861.34	4.514	34.208	0.22
863.12	4.504	34.21	0.22
864.8	4.489	34.213	0.22
866.98	4.467	34.216	0.22
868.95	4.452	34.219	0.22
870.93	4.432	34.221	0.23
873.3	4.416	34.222	0.24
875.38	4.405	34.223	0.24
878.25	4.402	34.226	0.24
881.41	4.39	34.223	0.24
884.18	4.371	34.228	0.25
887.24	4.366	34.225	0.26
890.3	4.334	34.227	0.27
892.97	4.326	34.231	0.28
895.25	4.317	34.233	0.28
897.12	4.301	34.232	0.28
899.6	4.252	34.238	0.29
901.28	4.237	34.241	0.3
903.05	4.232	34.24	0.3
903.94	4.23	34.243	0.3
904.73	4.228	34.242	0.31
906.32	4.223	34.245	0.31
908.49	4.22	34.242	0.31
910.66	4.217	34.24	0.31
912.84	4.207	34.242	0.31
914.91	4.197	34.243	0.31
916.79	4.195	34.247	0.31
918.67	4.194	34.244	0.31
920.55	4.188	34.245	0.31
922.52	4.174	34.246	0.3
924.7	4.161	34.249	0.31
926.87	4.154	34.248	0.31
929.64	4.14	34.25	0.32
932.6	4.125	34.253	0.33
935.67	4.111	34.255	0.34
938.43	4.102	34.252	0.33
939.72	4.1	34.254	0.33
941.4	4.098	34.256	0.33
943.38	4.096	34.253	0.33
946.74	4.093	34.257	0.33
950	4.07	34.259	0.32
952.76	4.051	34.26	0.32
953.85	4.05	34.26	0.33
954.15	4.053	34.261	0.33
955.73	4.045	34.264	0.33
957.6	4.04	34.261	0.33
959.98	4.031	34.266	0.33
962.05	4.021	34.266	0.33
964.13	4.002	34.266	0.34
966.3	3.986	34.265	0.36
968.08	3.979	34.267	0.36
968.77	3.972	34.27	0.37
969.46	3.974	34.266	0.37
971.34	3.967	34.272	0.37
974.9	3.961	34.27	0.37
978.35	3.956	34.268	0.36
982.6	3.944	34.268	0.36
986.46	3.939	34.269	0.37
991.2	3.934	34.268	0.37
995.05	3.92	34.268	0.4
998.41	3.919	34.268	0.4
1000.88	3.918	34.27	0.39
1003.74	3.906	34.271	0.4
1006.21	3.901	34.271	0.4
1008.68	3.883	34.275	0.4
1010.76	3.877	34.274	0.4
1012.93	3.871	34.275	0.41
1015.01	3.854	34.274	0.41
1015.99	3.824	34.28	0.42
1016.49	3.818	34.28	0.43
1018.36	3.812	34.283	0.43
1020.34	3.81	34.28	0.43
1021.92	3.811	34.28	0.42
1023.01	3.808	34.28	0.42
1024.19	3.806	34.278	0.42
1026.46	3.806	34.275	0.42
1028.04	3.805	34.278	0.43
1029.72	3.8	34.281	0.42
1031.9	3.8	34.279	0.41
1034.17	3.8	34.28	0.41
1036.54	3.8	34.28	0.41
1039.6	3.797	34.279	0.41
1042.56	3.796	34.286	0.41
1045.63	3.793	34.284	0.41
1048.79	3.779	34.288	0.39
1051.85	3.764	34.289	0.39
1054.71	3.748	34.291	0.4
1057.87	3.731	34.29	0.41
1061.03	3.716	34.292	0.43
1064.19	3.712	34.29	0.43
1067.95	3.706	34.294	0.42
1071.3	3.686	34.295	0.43
1074.96	3.664	34.295	0.44
1077.82	3.655	34.298	0.44
1080.88	3.651	34.298	0.44
1084.24	3.638	34.299	0.45
1087.99	3.629	34.298	0.47
1092.73	3.623	34.303	0.48
1096.29	3.615	34.296	0.48
1099.94	3.608	34.298	0.49
1102.9	3.598	34.301	0.5
1107.64	3.586	34.304	0.5
1110.61	3.571	34.304	0.51
1112.19	3.567	34.303	0.51
1113.96	3.556	34.303	0.52
1116.33	3.549	34.304	0.54
1119.1	3.54	34.306	0.54
1122.16	3.529	34.307	0.55
1124.43	3.527	34.307	0.55
1127	3.524	34.306	0.55
1129.56	3.521	34.308	0.55
1132.43	3.515	34.307	0.55
1134.99	3.514	34.307	0.55
1137.76	3.511	34.308	0.55
1140.52	3.509	34.309	0.55
1142.69	3.508	34.308	0.55
1144.96	3.506	34.308	0.55
1147.83	3.502	34.309	0.55
1150.1	3.496	34.309	0.55
1152.37	3.491	34.311	0.56
1154.54	3.485	34.31	0.56
1156.81	3.479	34.311	0.56
1159.48	3.472	34.315	0.55
1162.04	3.465	34.313	0.55
1164.71	3.46	34.314	0.55
1167.37	3.451	34.315	0.56
1170.14	3.445	34.313	0.56
1172.9	3.442	34.317	0.56
1176.26	3.44	34.315	0.56
1178.92	3.438	34.317	0.56
1180.99	3.437	34.316	0.56
1183.36	3.437	34.315	0.56
1186.23	3.419	34.317	0.57
1188.79	3.388	34.32	0.59
1191.55	3.381	34.321	0.59
1194.12	3.371	34.323	0.6
1196.29	3.352	34.323	0.61
1198.27	3.345	34.324	0.61
1198.76	3.345	34.325	0.61
1200.44	3.332	34.324	0.62
1203.1	3.318	34.326	0.62
1204.58	3.312	34.325	0.63
1207.05	3.309	34.329	0.63
1209.91	3.306	34.329	0.63
1212.87	3.293	34.33	0.64
1216.92	3.285	34.329	0.64
1219.29	3.282	34.328	0.65
1219.29	3.284	34.325	0.65
1219.09	3.283	34.329	0.65
1220.47	3.278	34.33	0.65
1223.24	3.265	34.335	0.66
1225.6	3.257	34.335	0.66
1227.48	3.251	34.331	0.66
1228.76	3.243	34.332	0.67
1230.24	3.235	34.333	0.68
1231.43	3.227	34.336	0.68
1232.22	3.225	34.335	0.69
1233.4	3.223	34.336	0.69
1234.78	3.221	34.334	0.69
1236.26	3.22	34.335	0.69
1237.84	3.22	34.334	0.69
1239.32	3.219	34.336	0.69
1241	3.218	34.337	0.69
1242.87	3.217	34.335	0.69
1244.75	3.216	34.335	0.69
1246.42	3.212	34.337	0.69
1248.2	3.212	34.335	0.69
1249.78	3.21	34.336	0.7
1251.36	3.205	34.334	0.7
1253.13	3.195	34.338	0.71
1254.81	3.182	34.338	0.71
1255.7	3.183	34.333	0.72
1255.7	3.186	34.334	0.71
1255.6	3.19	34.336	0.72
1255.5	3.189	34.337	0.72
1255.7	3.188	34.338	0.72
1255.6	3.186	34.341	0.72
1255.5	3.186	34.337	0.72
1255.21	3.183	34.338	0.72
1254.71	3.184	34.337	0.71
1254.52	3.192	34.337	0.71
1255.01	3.192	34.336	0.71
1255.7	3.183	34.337	0.72
1255.9	3.182	34.339	0.72
1256.79	3.182	34.337	0.72
1257.57	3.181	34.339	0.72
1257.57	3.18	34.34	0.72
1257.67	3.181	34.339	0.72
1257.87	3.183	34.338	0.72
1257.38	3.183	34.338	0.71
1258.07	3.182	34.338	0.72
1259.05	3.176	34.339	0.72
1259.55	3.172	34.338	0.72
1259.35	3.172	34.338	0.72
1259.65	3.171	34.337	0.72
1260.14	3.171	34.339	0.72
1260.83	3.168	34.339	0.72
1261.23	3.167	34.339	0.73
1261.82	3.163	34.341	0.73
1261.62	3.163	34.34	0.73
1261.52	3.166	34.338	0.73
1261.82	3.165	34.339	0.73
1260.83	3.163	34.338	0.73
1259.94	3.169	34.339	0.72
1260.34	3.17	34.338	0.72
1259.84	3.177	34.34	0.72
1259.65	3.174	34.339	0.72
1259.55	3.178	34.333	0.72
1259.45	3.175	34.338	0.72
1259.15	3.177	34.338	0.72
1259.25	3.176	34.335	0.72
1259.35	3.175	34.336	0.72
1259.84	3.163	34.343	0.73
1260.34	3.169	34.341	0.72
1260.93	3.168	34.337	0.72
1261.42	3.158	34.34	0.73
1261.72	3.167	34.337	0.73
1262.61	3.162	34.34	0.73
1263.89	3.158	34.34	0.73
1264.28	3.16	34.338	0.73
1264.58	3.159	34.339	0.73
1265.57	3.159	34.34	0.73
1265.86	3.158	34.339	0.73
1265.37	3.153	34.343	0.73
1264.78	3.151	34.341	0.74
1263.79	3.157	34.337	0.73
1263.3	3.163	34.339	0.73
1262.51	3.166	34.339	0.73
1262.9	3.163	34.339	0.73
1264.38	3.159	34.337	0.73
1264.38	3.159	34.341	0.73
1264.97	3.162	34.34	0.73
1265.86	3.163	34.341	0.73
1265.27	3.159	34.341	0.73
1265.47	3.159	34.339	0.73
1265.96	3.16	34.341	0.73
1267.44	3.152	34.343	0.73
1268.72	3.145	34.343	0.74
1269.51	3.143	34.342	0.74
1270.8	3.142	34.343	0.74
1272.37	3.139	34.343	0.74
1274.05	3.138	34.342	0.74
1276.02	3.139	34.341	0.75
1277.9	3.139	34.343	0.75
1280.07	3.139	34.344	0.74
1281.85	3.139	34.342	0.75
1283.13	3.14	34.342	0.74
1283.92	3.139	34.343	0.74
1285.3	3.138	34.343	0.75
1286.78	3.138	34.344	0.75
1288.36	3.137	34.343	0.75
1289.64	3.138	34.341	0.75
1289.15	3.138	34.342	0.75
1289.74	3.142	34.34	0.75
1290.53	3.138	34.342	0.75
1291.91	3.137	34.344	0.75
1293.68	3.136	34.344	0.75
1295.36	3.136	34.343	0.75
1296.84	3.134	34.343	0.75
1298.42	3.134	34.342	0.75
1299.01	3.135	34.342	0.75
1299.8	3.13	34.342	0.75
1300.98	3.128	34.345	0.75
1302.56	3.125	34.342	0.76
1303.94	3.12	34.343	0.76
1305.32	3.116	34.346	0.76
1305.92	3.117	34.344	0.76
1306.21	3.117	34.343	0.76
1306.41	3.116	34.344	0.76
1306.61	3.116	34.343	0.76
1307.49	3.11	34.345	0.76
1308.88	3.111	34.345	0.77
1310.55	3.11	34.344	0.76
1312.03	3.109	34.346	0.77
1312.92	3.109	34.345	0.77
1313.71	3.106	34.345	0.77
1314.7	3.103	34.345	0.77
1315.78	3.103	34.346	0.77
1317.06	3.103	34.345	0.77
1317.56	3.106	34.343	0.77
1318.64	3.103	34.345	0.77
1319.63	3.101	34.345	0.77
1320.22	3.107	34.347	0.77
1321.4	3.1	34.347	0.77
1322.78	3.1	34.345	0.77
1324.66	3.1	34.345	0.77
1326.14	3.099	34.346	0.77
1327.52	3.099	34.345	0.77
1328.9	3.098	34.346	0.77
1329.98	3.097	34.345	0.77
1331.27	3.095	34.345	0.77
1332.25	3.095	34.345	0.77
1333.44	3.096	34.345	0.77
1334.42	3.097	34.343	0.77
1335.61	3.097	34.346	0.77
1336.89	3.096	34.346	0.78
1337.58	3.094	34.348	0.78
1337.68	3.097	34.348	0.78
1337.58	3.097	34.346	0.78
1337.09	3.098	34.349	0.78
1336.4	3.097	34.346	0.78
1335.9	3.099	34.345	0.77
1335.41	3.099	34.346	0.77
1335.31	3.1	34.347	0.78
1335.51	3.098	34.344	0.77
1336.1	3.099	34.344	0.77
1337.28	3.098	34.343	0.78
1337.58	3.098	34.346	0.77
1337.78	3.102	34.343	0.78
1337.58	3.103	34.35	0.78
1337.68	3.114	34.342	0.77
1337.68	3.105	34.348	0.78
1336.89	3.1	34.345	0.77
1336.1	3.098	34.345	0.77
1335.8	3.101	34.344	0.77
1335.61	3.103	34.344	0.77
1335.11	3.103	34.346	0.77
1334.72	3.108	34.347	0.77
1334.82	3.1	34.347	0.77
1335.41	3.1	34.345	0.77
1335.71	3.1	34.346	0.77
1335.8	3.1	34.346	0.77
1336.4	3.098	34.345	0.77
1336.89	3.099	34.346	0.77
1337.38	3.099	34.345	0.77
1337.88	3.098	34.346	0.77
1338.66	3.099	34.343	0.78
1339.16	3.099	34.345	0.77
1339.95	3.097	34.347	0.78
1340.24	3.098	34.344	0.78
1341.03	3.096	34.343	0.78
1341.92	3.096	34.345	0.78
1342.61	3.096	34.346	0.78
1343.6	3.094	34.349	0.78
1344.88	3.094	34.346	0.78
1346.16	3.094	34.347	0.78
1347.25	3.093	34.345	0.78
1348.33	3.093	34.346	0.78
1349.32	3.094	34.345	0.78
1349.61	3.095	34.348	0.78
1350.01	3.095	34.346	0.78
1350.89	3.094	34.345	0.78
1351.58	3.095	34.346	0.78
1352.18	3.094	34.346	0.78
1353.26	3.093	34.344	0.78
1354.35	3.093	34.346	0.78
1355.53	3.093	34.344	0.78
1356.52	3.088	34.347	0.78
1357.7	3.088	34.347	0.78
1359.08	3.089	34.347	0.78
1359.47	3.089	34.346	0.78
1359.57	3.091	34.345	0.78
1360.36	3.089	34.346	0.78
1361.05	3.083	34.345	0.79
1361.74	3.073	34.35	0.79
1362.83	3.069	34.35	0.8
1364.11	3.068	34.348	0.8
1365.1	3.058	34.351	0.8
1366.18	3.052	34.353	0.81
1367.17	3.059	34.349	0.8
1368.15	3.06	34.349	0.8
1368.65	3.061	34.35	0.8
1369.63	3.053	34.351	0.81
1370.62	3.052	34.351	0.81
1371.9	3.052	34.347	0.81
1373.08	3.049	34.35	0.81
1374.27	3.049	34.35	0.81
1375.25	3.043	34.351	0.81
1376.34	3.04	34.351	0.81
1377.32	3.04	34.349	0.82
1378.41	3.036	34.35	0.82
1379.69	3.036	34.351	0.82
1381.27	3.032	34.351	0.82
1382.55	3.016	34.352	0.83
1383.83	3.009	34.353	0.84
1385.21	3.005	34.353	0.84
1386.3	3.002	34.353	0.84
1386.4	3.007	34.351	0.84
1386.49	3.008	34.349	0.84
1386.49	3.02	34.346	0.84
1386.49	3.019	34.35	0.84
1386.49	3.028	34.353	0.84
1386.69	3.038	34.348	0.84
1387.09	3.014	34.356	0.84
1387.38	3.014	34.351	0.84
1387.28	3.008	34.354	0.84
1388.07	3.005	34.353	0.84
1389.65	3.003	34.353	0.84
1390.83	3.002	34.353	0.84
1392.12	3	34.356	0.84
1392.31	3.002	34.354	0.84
1392.31	3.003	34.353	0.84
1392.31	3.003	34.352	0.84
1391.92	3.003	34.353	0.84
1391.33	3.005	34.352	0.84
1390.64	3.003	34.351	0.84
1389.35	3.003	34.351	0.84
1388.76	3.004	34.353	0.84
1388.86	3.006	34.351	0.84
1388.57	3.008	34.357	0.84
1388.86	3.008	34.352	0.84
1389.65	3.006	34.354	0.84
1390.24	3.005	34.354	0.84
1391.23	3.003	34.352	0.84
1392.51	3.002	34.353	0.84
1393.89	3.002	34.354	0.84
1396.45	2.999	34.354	0.84
1397.74	3	34.353	0.84
1398.52	2.997	34.356	0.85
1399.12	2.995	34.355	0.85
1400.1	2.994	34.353	0.85
1400.99	2.994	34.357	0.85
1401.98	2.994	34.356	0.85
1403.26	2.99	34.356	0.85
1404.34	2.989	34.355	0.85
1404.84	2.988	34.354	0.85
1404.84	2.987	34.356	0.85
1405.03	2.989	34.355	0.85
1405.53	2.985	34.355	0.85
1406.41	2.973	34.356	0.86
1406.81	2.967	34.359	0.87
1407.69	2.963	34.357	0.87
1408.88	2.945	34.362	0.88
1410.06	2.941	34.36	0.88
1411.24	2.925	34.361	0.89
1412.43	2.927	34.361	0.9
1413.31	2.918	34.362	0.9
1414.3	2.911	34.362	0.91
1414.89	2.906	34.366	0.91
1415.98	2.907	34.365	0.91
1416.96	2.911	34.363	0.91
1417.95	2.909	34.364	0.91
1418.93	2.914	34.362	0.91
1420.02	2.913	34.363	0.91
1420.81	2.895	34.364	0.92
1421.89	2.884	34.363	0.93
1422.58	2.875	34.364	0.93
1423.47	2.872	34.368	0.94
1424.36	2.871	34.365	0.94
1425.54	2.871	34.367	0.94
1426.72	2.87	34.367	0.94
1427.81	2.87	34.365	0.94
1428.79	2.87	34.366	0.94
1429.68	2.87	34.368	0.94
1430.47	2.873	34.365	0.94
1431.26	2.863	34.368	0.94
1432.05	2.859	34.368	0.95
1432.74	2.86	34.368	0.95
1433.13	2.86	34.369	0.95
1434.12	2.859	34.368	0.95
1434.91	2.863	34.365	0.95
1435.5	2.863	34.371	0.95
1436.09	2.862	34.367	0.94
1436.98	2.86	34.366	0.95
1437.86	2.86	34.367	0.95
1438.65	2.859	34.368	0.95
1439.84	2.859	34.368	0.95
1441.22	2.86	34.367	0.95
1442.1	2.856	34.367	0.95
1442.6	2.858	34.368	0.95
1442.99	2.859	34.368	0.95
1443.48	2.858	34.368	0.95
1443.88	2.86	34.366	0.95
1444.37	2.856	34.368	0.95
1444.76	2.858	34.368	0.95
1445.16	2.861	34.366	0.95
1445.85	2.865	34.368	0.94
1446.83	2.866	34.366	0.94
1447.92	2.864	34.368	0.94
1449	2.862	34.368	0.94
1450.28	2.861	34.366	0.94
1451.96	2.861	34.368	0.94
1453.14	2.857	34.369	0.95
1453.44	2.856	34.369	0.95
1453.34	2.859	34.366	0.95
1453.14	2.861	34.367	0.95
1452.85	2.863	34.366	0.95
1452.95	2.869	34.371	0.95
1452.55	2.86	34.366	0.95
1451.76	2.855	34.368	0.95
1450.68	2.859	34.365	0.95
1449	2.857	34.367	0.95
1446.64	2.857	34.367	0.95
1444.86	2.862	34.366	0.95
1443.38	2.863	34.365	0.94
1442	2.862	34.368	0.94
1440.62	2.861	34.367	0.95
1439.44	2.852	34.369	0.95
1438.55	2.857	34.367	0.95
1438.26	2.862	34.367	0.95
1437.67	2.863	34.368	0.95
1436.78	2.863	34.367	0.95
1436.29	2.874	34.362	0.94
1435.6	2.878	34.364	0.94
1434.22	2.878	34.364	0.94
1432.54	2.874	34.365	0.94
1430.67	2.871	34.367	0.94
1428.6	2.878	34.365	0.94
1426.53	2.884	34.363	0.93
1424.46	2.885	34.364	0.93
1423.08	2.888	34.364	0.93
1421.99	2.891	34.364	0.93
1420.91	2.895	34.363	0.93
1419.82	2.896	34.365	0.92
1418.84	2.898	34.363	0.92
1417.55	2.9	34.363	0.92
1417.16	2.899	34.363	0.92
1417.06	2.9	34.362	0.92
1416.96	2.901	34.364	0.92
1416.37	2.901	34.363	0.92
1415.48	2.907	34.361	0.92
1414	2.918	34.357	0.91
1412.13	2.924	34.36	0.9
1410.65	2.927	34.362	0.9
1409.57	2.927	34.362	0.9
1408.68	2.932	34.36	0.89
1407.99	2.937	34.36	0.89
1407.6	2.94	34.357	0.89
1407.89	2.94	34.358	0.89
1408.78	2.942	34.358	0.88
1408.98	2.941	34.359	0.88
1408.78	2.938	34.362	0.89
1408.68	2.939	34.36	0.89
1407.89	2.944	34.358	0.89
1406.91	2.946	34.361	0.88
1406.12	2.95	34.359	0.88
1405.33	2.951	34.359	0.88
1404.64	2.96	34.357	0.88
1403.85	2.965	34.359	0.87
1403.36	2.956	34.358	0.87
1403.75	2.951	34.363	0.88
1403.55	2.961	34.36	0.87
1403.06	2.963	34.358	0.87
1402.47	2.964	34.356	0.87
1401.98	2.971	34.355	0.87
1400.69	2.975	34.354	0.86
1399.41	2.973	34.358	0.86
1397.93	2.978	34.357	0.86
1396.16	2.984	34.354	0.86
1395.07	2.994	34.354	0.85
1394.68	3	34.354	0.84
1394.28	3	34.357	0.84
1393.3	3.001	34.353	0.84
1392.31	3.004	34.353	0.84
1391.33	3.006	34.356	0.84
1390.44	3.007	34.355	0.84
1389.45	3.011	34.356	0.84
1388.76	3.015	34.352	0.83
1387.58	3.016	34.351	0.83
1386.49	3.016	34.353	0.83
1385.61	3.018	34.354	0.83
1384.03	3.02	34.354	0.83
1382.06	3.021	34.352	0.83
1380.18	3.02	34.354	0.83
1378.51	3.023	34.352	0.83
1375.75	3.029	34.349	0.82
1373.77	3.04	34.351	0.81
1372.79	3.041	34.35	0.81
1372.89	3.041	34.348	0.81
1372	3.043	34.354	0.81
1370.91	3.047	34.352	0.81
1369.83	3.051	34.349	0.81
1368.45	3.053	34.351	0.8
1367.07	3.056	34.35	0.8
1366.58	3.067	34.345	0.8
1365.88	3.057	34.35	0.8
1365.39	3.055	34.35	0.8
1364.21	3.058	34.349	0.8
1362.53	3.063	34.347	0.8
1361.45	3.064	34.349	0.8
1361.45	3.066	34.349	0.8
1360.95	3.065	34.349	0.8
1359.67	3.064	34.351	0.8
1358.29	3.063	34.349	0.79
1357.7	3.063	34.35	0.8
1357.3	3.062	34.35	0.8
1356.22	3.061	34.351	0.8
1355.04	3.063	34.348	0.8
1353.75	3.07	34.347	0.8
1352.57	3.075	34.347	0.79
1351.68	3.075	34.347	0.79
1350.8	3.084	34.347	0.78
1349.91	3.082	34.349	0.78
1349.22	3.083	34.348	0.78
1348.43	3.086	34.349	0.78
1347.34	3.088	34.349	0.78
1346.06	3.087	34.348	0.78
1344.48	3.087	34.347	0.78
1342.91	3.088	34.349	0.78
1341.13	3.088	34.347	0.78
1339.45	3.09	34.347	0.78
1338.96	3.091	34.348	0.78
1340.34	3.091	34.348	0.78
1339.95	3.091	34.348	0.77
1338.37	3.091	34.35	0.78
1336.4	3.091	34.348	0.78
1335.71	3.091	34.346	0.78
1335.02	3.091	34.346	0.78
1333.73	3.09	34.348	0.78
1332.45	3.091	34.347	0.77
1331.37	3.094	34.346	0.77
1330.38	3.094	34.346	0.77
1329.79	3.095	34.347	0.77
1328.8	3.091	34.348	0.77
1328.9	3.092	34.345	0.77
1328.31	3.095	34.347	0.77
1327.42	3.097	34.346	0.77
1326.53	3.099	34.345	0.77
1326.53	3.099	34.345	0.77
1326.73	3.1	34.344	0.77
1326.43	3.101	34.346	0.77
1325.74	3.098	34.348	0.77
1324.66	3.1	34.346	0.77
1323.47	3.102	34.347	0.77
1322.59	3.101	34.347	0.77
1321.3	3.1	34.346	0.77
1320.71	3.1	34.345	0.77
1319.83	3.108	34.343	0.77
1318.64	3.106	34.345	0.76
1318.15	3.109	34.343	0.76
1318.25	3.11	34.345	0.76
1317.75	3.107	34.347	0.76
1316.96	3.107	34.346	0.76
1315.88	3.115	34.344	0.76
1314.7	3.119	34.342	0.76
1314.7	3.12	34.344	0.76
1314.01	3.12	34.345	0.75
1312.62	3.119	34.345	0.76
1311.24	3.123	34.343	0.76
1310.45	3.126	34.346	0.75
1309.76	3.132	34.345	0.75
1310.26	3.131	34.342	0.75
1310.26	3.131	34.347	0.75
1308.58	3.133	34.343	0.75
1306.41	3.138	34.343	0.75
1304.34	3.141	34.341	0.74
1302.76	3.143	34.344	0.74
1301.67	3.148	34.339	0.74
1301.67	3.147	34.341	0.74
1301.97	3.145	34.342	0.74
1301.77	3.148	34.34	0.74
1301.58	3.148	34.339	0.74
1301.28	3.149	34.341	0.74
1301.58	3.146	34.341	0.74
1300.59	3.144	34.342	0.74
1299.21	3.147	34.34	0.74
1297.73	3.146	34.342	0.74
1296.35	3.148	34.342	0.74
1295.07	3.148	34.342	0.74
1293.88	3.147	34.342	0.74
1292.9	3.147	34.341	0.74
1291.81	3.145	34.341	0.74
1290.82	3.146	34.341	0.74
1291.22	3.146	34.341	0.74
1291.32	3.147	34.342	0.74
1291.61	3.156	34.337	0.74
1291.91	3.152	34.336	0.74
1291.91	3.148	34.339	0.74
1291.61	3.146	34.342	0.74
1290.92	3.147	34.34	0.74
1290.63	3.144	34.342	0.74
1290.13	3.146	34.343	0.74
1288.85	3.15	34.342	0.74
1287.67	3.151	34.341	0.74
1286.38	3.152	34.341	0.74
1285.3	3.156	34.34	0.73
1284.81	3.159	34.34	0.73
1284.71	3.161	34.338	0.73
1284.02	3.161	34.341	0.73
1282.83	3.161	34.34	0.73
1281.94	3.161	34.341	0.73
1281.16	3.162	34.339	0.73
1280.56	3.164	34.337	0.73
1279.97	3.161	34.34	0.72
1278.89	3.159	34.342	0.73
1278.2	3.16	34.338	0.73
1277.5	3.161	34.339	0.73
1276.81	3.161	34.339	0.73
1275.93	3.164	34.341	0.72
1275.24	3.163	34.34	0.72
1274.84	3.162	34.341	0.72
1274.45	3.166	34.341	0.72
1274.54	3.166	34.342	0.72
1274.64	3.164	34.34	0.72
1274.84	3.164	34.337	0.72
1275.14	3.165	34.34	0.72
1275.63	3.164	34.342	0.72
1275.73	3.164	34.342	0.72
1276.12	3.164	34.34	0.72
1275.63	3.163	34.342	0.72
1274.54	3.165	34.342	0.72
1273.36	3.167	34.342	0.72
1271.98	3.169	34.339	0.72
1270.7	3.169	34.339	0.72
1270.11	3.169	34.339	0.72
1269.22	3.167	34.341	0.72
1267.84	3.17	34.34	0.72
1266.16	3.17	34.338	0.72
1264.68	3.174	34.338	0.72
1264.68	3.175	34.336	0.71
1264.48	3.175	34.34	0.72
1264.48	3.18	34.337	0.71
1264.28	3.184	34.337	0.71
1263.59	3.178	34.34	0.71
1263.4	3.176	34.34	0.71
1263.89	3.176	34.339	0.71
1262.8	3.174	34.339	0.72
1261.92	3.176	34.339	0.71
1260.83	3.187	34.334	0.71
1261.03	3.192	34.336	0.71
1260.63	3.195	34.337	0.7
1260.04	3.197	34.337	0.7
1259.55	3.198	34.336	0.7
1259.35	3.2	34.335	0.7
1258.96	3.212	34.325	0.7
1258.86	3.225	34.331	0.7
1258.86	3.21	34.344	0.7
1258.76	3.199	34.338	0.7
1258.76	3.195	34.342	0.7
1258.76	3.205	34.338	0.7
1258.76	3.203	34.335	0.7
1258.86	3.202	34.336	0.7
1259.35	3.199	34.337	0.7
1259.45	3.197	34.336	0.71
1259.05	3.193	34.338	0.71
1258.46	3.195	34.337	0.71
1258.07	3.194	34.336	0.71
1257.28	3.193	34.337	0.7
1256.09	3.192	34.337	0.71
1254.61	3.192	34.338	0.71
1252.35	3.199	34.338	0.7
1250.87	3.21	34.335	0.69
1250.47	3.211	34.334	0.69
1249.88	3.212	34.334	0.69
1249.19	3.211	34.336	0.69
1249.09	3.212	34.337	0.69
1248.1	3.214	34.333	0.69
1247.02	3.217	34.336	0.69
1247.51	3.217	34.335	0.68
1247.61	3.214	34.336	0.69
1248.1	3.21	34.335	0.69
1248.99	3.204	34.336	0.69
1248.69	3.204	34.337	0.7
1248.3	3.205	34.337	0.7
1247.81	3.212	34.336	0.69
1248	3.214	34.334	0.69
1248.3	3.212	34.333	0.69
1249.98	3.209	34.336	0.69
1250.08	3.21	34.336	0.69
1249.19	3.211	34.338	0.69
1249.48	3.214	34.333	0.69
1248.89	3.214	34.335	0.69
1248.99	3.215	34.337	0.69
1249.58	3.215	34.335	0.69
1249.48	3.215	34.335	0.69
1249.78	3.215	34.334	0.69
1249.78	3.215	34.334	0.69
1249.48	3.215	34.335	0.69
1249.19	3.216	34.335	0.69
1248.89	3.217	34.337	0.69
1247.9	3.216	34.336	0.69
1248.1	3.219	34.338	0.69
1248.1	3.222	34.334	0.68
1247.9	3.224	34.334	0.68
1247.81	3.223	34.338	0.68
1247.81	3.224	34.334	0.68
1247.81	3.224	34.333	0.68
1247.21	3.225	34.335	0.68
1246.72	3.225	34.335	0.68
1246.23	3.217	34.337	0.69
1245.83	3.216	34.335	0.69
1245.34	3.215	34.334	0.69
1244.65	3.219	34.334	0.69
1244.75	3.22	34.338	0.68
1244.16	3.22	34.336	0.69
1243.37	3.219	34.334	0.68
1242.48	3.221	34.335	0.69
1241.49	3.226	34.332	0.68
1240.5	3.229	34.336	0.68
1240.31	3.23	34.332	0.68
1240.01	3.231	34.335	0.68
1239.62	3.23	34.337	0.68
1239.91	3.229	34.336	0.68
1240.11	3.228	34.335	0.68
1239.52	3.229	34.336	0.68
1238.53	3.23	34.334	0.68
1237.45	3.229	34.336	0.68
1236.36	3.229	34.334	0.68
1236.36	3.23	34.334	0.68
1235.87	3.231	34.335	0.68
1236.95	3.229	34.335	0.68
1237.15	3.229	34.336	0.68
1235.67	3.229	34.336	0.68
1233.99	3.229	34.335	0.68
1232.41	3.235	34.335	0.67
1231.33	3.242	34.333	0.67
1231.23	3.244	34.332	0.67
1231.03	3.246	34.333	0.67
1231.62	3.242	34.332	0.67
1231.33	3.239	34.334	0.67
1231.62	3.236	34.333	0.67
1231.43	3.236	34.333	0.67
1229.35	3.238	34.334	0.67
1228.17	3.239	34.332	0.67
1226.99	3.24	34.334	0.67
1225.7	3.244	34.328	0.67
1224.42	3.242	34.333	0.67
1223.53	3.245	34.333	0.67
1222.35	3.246	34.333	0.67
1220.87	3.246	34.332	0.67
1220.18	3.247	34.332	0.67
1220.18	3.246	34.332	0.67
1219.88	3.249	34.33	0.67
1219.78	3.247	34.33	0.67
1219.68	3.248	34.332	0.67
1220.77	3.245	34.332	0.67
1220.77	3.253	34.33	0.67
1220.77	3.253	34.327	0.67
1219.98	3.249	34.332	0.67
1219.68	3.247	34.333	0.67
1219.09	3.246	34.331	0.67
1218.3	3.246	34.333	0.67
1217.41	3.246	34.333	0.67
1216.13	3.246	34.334	0.67
1214.75	3.251	34.331	0.67
1213.56	3.262	34.332	0.66
1212.18	3.27	34.33	0.66
1211.39	3.274	34.33	0.65
1210.41	3.277	34.328	0.65
1208.93	3.294	34.328	0.65
1207.74	3.3	34.327	0.64
1207.15	3.302	34.328	0.63
1207.05	3.304	34.328	0.63
1205.96	3.306	34.329	0.63
1204.58	3.306	34.327	0.63
1202.81	3.307	34.325	0.63
1201.03	3.314	34.326	0.63
1199.65	3.317	34.327	0.62
1198.17	3.32	34.325	0.62
1196	3.325	34.323	0.62
1193.13	3.333	34.325	0.62
1191.06	3.34	34.323	0.61
1189.38	3.343	34.322	0.61
1188.1	3.345	34.322	0.61
1186.62	3.349	34.324	0.61
1185.44	3.351	34.323	0.61
1185.24	3.354	34.321	0.6
1185.53	3.352	34.321	0.6
1185.24	3.353	34.321	0.61
1185.34	3.351	34.322	0.6
1185.24	3.349	34.325	0.61
1184.94	3.349	34.322	0.61
1184.65	3.348	34.324	0.6
1184.15	3.347	34.324	0.61
1183.95	3.354	34.321	0.6
1183.26	3.354	34.322	0.6
1181.98	3.354	34.323	0.6
1180.99	3.358	34.323	0.6
1180.11	3.364	34.323	0.6
1179.22	3.365	34.324	0.6
1178.92	3.367	34.323	0.59
1179.32	3.365	34.318	0.6
1178.92	3.368	34.322	0.59
1179.22	3.365	34.321	0.59
1179.41	3.363	34.319	0.6
1179.12	3.365	34.322	0.6
1177.64	3.369	34.32	0.59
1176.45	3.367	34.321	0.59
1175.76	3.368	34.324	0.59
1175.27	3.37	34.321	0.59
1174.87	3.372	34.322	0.59
1174.08	3.372	34.323	0.59
1173.1	3.376	34.321	0.59
1172.01	3.38	34.322	0.59
1170.53	3.38	34.321	0.59
1167.37	3.382	34.321	0.59
1163.92	3.387	34.318	0.59
1160.66	3.4	34.314	0.58
1159.28	3.406	34.317	0.58
1158.69	3.409	34.317	0.58
1157.6	3.409	34.318	0.58
1156.12	3.411	34.316	0.57
1154.74	3.414	34.316	0.57
1154.44	3.416	34.316	0.57
1152.86	3.42	34.314	0.57
1151.68	3.425	34.317	0.57
1150.59	3.428	34.317	0.57
1148.91	3.433	34.314	0.56
1146.54	3.44	34.315	0.56
1144.27	3.448	34.313	0.55
1142.59	3.455	34.314	0.55
1140.42	3.458	34.313	0.55
1138.05	3.466	34.313	0.54
1135.49	3.479	34.311	0.54
1132.92	3.486	34.311	0.53
1130.35	3.498	34.309	0.53
1128.08	3.508	34.31	0.52
1126.7	3.513	34.307	0.52
1125.71	3.523	34.306	0.51
1124.53	3.528	34.307	0.53
1122.75	3.536	34.305	0.54
1120.97	3.539	34.304	0.54
1118.7	3.546	34.305	0.54
1116.63	3.55	34.303	0.53
1114.46	3.552	34.306	0.53
1112.68	3.553	34.305	0.53
1111.59	3.556	34.303	0.53
1110.21	3.556	34.305	0.53
1109.22	3.558	34.304	0.53
1108.73	3.561	34.303	0.53
1109.12	3.563	34.302	0.52
1108.14	3.565	34.303	0.52
1107.05	3.57	34.3	0.52
1106.16	3.58	34.297	0.51
1105.87	3.587	34.3	0.5
1104.88	3.589	34.302	0.5
1103.99	3.596	34.301	0.5
1103.1	3.593	34.304	0.5
1102.21	3.598	34.302	0.49
1101.32	3.597	34.3	0.49
1101.23	3.599	34.3	0.49
1100.93	3.603	34.298	0.49
1099.25	3.603	34.298	0.49
1096.88	3.614	34.297	0.48
1096.09	3.619	34.299	0.47
1094.81	3.621	34.301	0.46
1094.41	3.621	34.3	0.46
1093.82	3.625	34.298	0.46
1094.41	3.625	34.298	0.46
1095.7	3.623	34.299	0.46
1094.81	3.626	34.299	0.46
1093.42	3.629	34.3	0.46
1093.03	3.629	34.301	0.46
1092.44	3.632	34.3	0.46
1092.54	3.628	34.3	0.46
1091.84	3.627	34.299	0.46
1090.66	3.626	34.299	0.46
1089.97	3.623	34.296	0.46
1088.78	3.623	34.303	0.47
1087.6	3.631	34.297	0.46
1087.1	3.634	34.297	0.46
1089.77	3.627	34.3	0.46
1089.87	3.627	34.3	0.46
1090.17	3.627	34.297	0.46
1090.36	3.627	34.299	0.46
1090.46	3.628	34.301	0.46
1090.17	3.626	34.298	0.46
1090.66	3.625	34.299	0.46
1090.96	3.624	34.299	0.46
1091.35	3.624	34.298	0.46
1092.04	3.619	34.299	0.46
1093.82	3.61	34.299	0.48
1095.99	3.61	34.302	0.48
1096.29	3.611	34.301	0.48
1096.09	3.611	34.301	0.48
1095.7	3.61	34.3	0.48
1094.81	3.604	34.299	0.49
1094.31	3.601	34.298	0.49
1094.21	3.6	34.302	0.49
1093.42	3.6	34.3	0.49
1093.03	3.602	34.299	0.49
1092.24	3.603	34.299	0.49
1091.65	3.603	34.3	0.49
1091.25	3.611	34.299	0.49
1090.46	3.607	34.301	0.49
1089.67	3.609	34.301	0.49
1088.78	3.609	34.299	0.48
1088.09	3.612	34.299	0.48
1087.01	3.612	34.299	0.48
1086.51	3.612	34.297	0.48
1085.82	3.618	34.298	0.48
1084.64	3.624	34.299	0.47
1083.45	3.628	34.297	0.47
1081.87	3.631	34.298	0.46
1079.99	3.637	34.296	0.46
1077.33	3.642	34.296	0.46
1074.66	3.646	34.293	0.47
1072.69	3.655	34.293	0.46
1070.32	3.667	34.29	0.46
1069.23	3.674	34.291	0.47
1069.43	3.687	34.29	0.47
1069.03	3.697	34.289	0.47
1068.44	3.7	34.29	0.47
1067.65	3.701	34.29	0.47
1067.16	3.704	34.289	0.47
1066.56	3.703	34.289	0.47
1065.87	3.704	34.29	0.47
1065.87	3.704	34.288	0.47
1065.77	3.706	34.291	0.47
1064.69	3.705	34.289	0.47
1064.09	3.704	34.29	0.47
1063.4	3.707	34.291	0.47
1062.91	3.709	34.289	0.47
1062.51	3.71	34.289	0.47
1061.72	3.706	34.293	0.47
1061.13	3.707	34.291	0.47
1060.54	3.711	34.291	0.47
1059.85	3.711	34.288	0.47
1058.66	3.709	34.292	0.47
1057.68	3.716	34.291	0.47
1056	3.725	34.289	0.47
1053.43	3.753	34.283	0.46
1049.97	3.77	34.284	0.45
1047.01	3.775	34.282	0.45
1044.34	3.78	34.285	0.45
1042.27	3.783	34.284	0.44
1041.18	3.786	34.284	0.45
1040.79	3.787	34.283	0.44
1039.11	3.793	34.282	0.44
1038.32	3.793	34.282	0.44
1036.05	3.794	34.281	0.44
1034.07	3.796	34.281	0.44
1032.98	3.797	34.28	0.44
1031.8	3.798	34.282	0.44
1030.42	3.807	34.28	0.44
1028.74	3.809	34.28	0.44
1026.86	3.81	34.284	0.44
1025.28	3.818	34.279	0.44
1023.8	3.817	34.281	0.44
1022.51	3.827	34.277	0.44
1021.03	3.847	34.272	0.43
1019.75	3.897	34.264	0.42
1018.17	3.923	34.268	0.4
1016.59	3.926	34.268	0.4
1014.91	3.929	34.268	0.4
1013.33	3.932	34.264	0.4
1011.75	3.931	34.268	0.4
1010.36	3.932	34.267	0.4
1008.78	3.932	34.269	0.4
1007.4	3.934	34.268	0.4
1005.92	3.936	34.268	0.4
1004.83	3.94	34.268	0.4
1003.74	3.942	34.268	0.4
1002.85	3.941	34.268	0.4
1001.97	3.943	34.267	0.4
1001.27	3.944	34.268	0.4
1000.29	3.946	34.27	0.4
998.8	3.949	34.266	0.4
996.04	3.953	34.267	0.4
993.96	3.956	34.265	0.4
992.78	3.957	34.264	0.4
991.99	3.958	34.267	0.41
991.49	3.961	34.265	0.4
990.11	3.967	34.263	0.4
989.02	3.971	34.261	0.4
987.84	3.968	34.264	0.4
986.65	3.96	34.267	0.4
985.07	3.962	34.264	0.4
983.29	3.975	34.262	0.4
981.71	3.968	34.266	0.4
980.33	3.962	34.268	0.4
979.05	3.962	34.265	0.41
978.35	3.967	34.266	0.41
977.46	3.972	34.265	0.4
975.79	3.975	34.269	0.4
973.81	3.979	34.262	0.4
971.93	3.98	34.264	0.4
970.75	3.986	34.259	0.4
969.66	3.99	34.262	0.4
967.88	3.998	34.261	0.4
966.3	4.002	34.259	0.4
964.32	4.01	34.263	0.4
961.46	4.011	34.261	0.4
958.2	4.01	34.258	0.39
954.54	4.01	34.26	0.39
951.08	4.011	34.26	0.39
946.64	4.009	34.259	0.39
941.5	4.01	34.259	0.39
936.66	4.014	34.268	0.39
932.01	4.027	34.268	0.39
927.17	4.052	34.275	0.39
922.23	4.079	34.273	0.39
917.29	4.117	34.251	0.38
912.34	4.13	34.25	0.38
907.4	4.14	34.249	0.37
902.86	4.147	34.251	0.37
897.91	4.162	34.267	0.37
893.17	4.184	34.259	0.36
888.62	4.208	34.256	0.34
883.88	4.238	34.269	0.32
879.33	4.3	34.24	0.3
874.49	4.317	34.235	0.28
869.65	4.327	34.248	0.28
864.8	4.37	34.24	0.28
859.96	4.403	34.231	0.28
855.11	4.414	34.241	0.29
850.47	4.442	34.233	0.29
845.62	4.468	34.229	0.29
841.08	4.494	34.222	0.28
836.03	4.514	34.212	0.27
831.29	4.526	34.22	0.25
826.44	4.545	34.22	0.23
821.6	4.57	34.219	0.22
816.36	4.597	34.215	0.22
811.22	4.614	34.205	0.21
806.27	4.628	34.199	0.21
801.23	4.633	34.197	0.21
795.79	4.64	34.197	0.21
790.15	4.657	34.198	0.21
784.71	4.681	34.187	0.21
779.77	4.694	34.195	0.21
775.12	4.714	34.191	0.21
770.37	4.737	34.207	0.21
765.33	4.772	34.182	0.21
760.29	4.785	34.178	0.2
755.24	4.791	34.175	0.2
750.4	4.799	34.18	0.2
745.25	4.81	34.183	0.19
740.21	4.83	34.178	0.2
735.06	4.841	34.168	0.2
730.02	4.857	34.167	0.2
724.78	4.871	34.162	0.21
719.83	4.884	34.159	0.21
714.98	4.898	34.162	0.21
710.43	4.909	34.152	0.21
705.39	4.924	34.151	0.21
700.24	4.948	34.153	0.21
695.49	4.977	34.143	0.21
690.75	4.992	34.137	0.22
685.9	5.007	34.132	0.22
680.95	5.041	34.136	0.23
676	5.072	34.12	0.24
673.73	5.087	34.11	0.24
668.88	5.123	34.105	0.25
663.44	5.125	34.103	0.25
658.19	5.153	34.107	0.26
653.44	5.167	34.126	0.27
648.49	5.216	34.096	0.28
643.55	5.241	34.107	0.29
638.9	5.27	34.107	0.29
634.44	5.323	34.106	0.31
629.79	5.395	34.105	0.33
625.14	5.415	34.101	0.34
620.29	5.44	34.092	0.35
615.44	5.457	34.082	0.35
610.19	5.456	34.082	0.35
605.44	5.466	34.08	0.35
600.4	5.487	34.095	0.35
595.64	5.513	34.088	0.36
590.79	5.539	34.085	0.37
586.34	5.567	34.103	0.38
581.59	5.63	34.09	0.41
576.64	5.665	34.14	0.43
571.99	5.752	34.106	0.45
567.23	5.793	34.087	0.46
562.48	5.811	34.081	0.46
557.83	5.826	34.081	0.47
553.08	5.851	34.078	0.47
548.03	5.866	34.068	0.48
543.18	5.881	34.081	0.48
538.62	5.905	34.068	0.49
534.07	5.914	34.061	0.49
529.42	5.919	34.052	0.5
525.06	5.953	34.072	0.5
520.01	5.989	34.089	0.52
515.55	6.051	34.064	0.53
511.1	6.071	34.05	0.54
506.44	6.085	34.045	0.55
501.79	6.114	34.05	0.56
497.23	6.144	34.056	0.57
492.58	6.168	34.052	0.59
487.82	6.203	34.028	0.63
483.07	6.218	34.036	0.64
478.42	6.286	34.042	0.68
473.66	6.314	34.042	0.69
469.11	6.353	34.03	0.71
464.85	6.393	34.027	0.73
459.9	6.415	34.005	0.77
455.24	6.422	33.992	0.82
450.78	6.433	33.998	0.87
446.03	6.472	34.003	0.9
441.08	6.559	34.015	0.89
436.22	6.622	34.066	0.87
431.57	6.695	34.047	0.88
426.51	6.749	34.02	0.89
421.56	6.806	34.041	0.91
416.61	6.922	34.082	0.94
411.55	7.025	34.056	0.98
406.3	7.109	34.013	1
401.45	7.174	34.029	1.03
396.3	7.231	34.016	1.04
390.85	7.273	34.003	1.05
385	7.307	34	1.05
380.05	7.357	33.992	1.06
374.99	7.425	33.986	1.07
369.05	7.475	33.987	1.09
363.1	7.546	33.983	1.1
357.16	7.668	33.979	1.15
351.11	7.697	33.979	1.17
345.36	7.728	33.978	1.18
339.81	7.755	33.978	1.18
333.67	7.77	33.978	1.19
327.53	7.866	33.972	1.21
322.07	7.9	33.974	1.24
316.82	7.939	33.972	1.3
310.87	7.984	33.969	1.38
305.52	8.007	33.981	1.43
300.66	8.052	33.976	1.45
295.31	8.086	33.967	1.47
288.97	8.115	33.968	1.49
282.23	8.15	33.953	1.51
275.19	8.168	33.956	1.53
268.45	8.192	33.951	1.55
262.2	8.211	33.985	1.56
255.16	8.26	34.002	1.59
247.73	8.433	33.943	1.64
240.69	8.477	33.969	1.66
233.05	8.574	33.956	1.68
225.12	8.686	33.927	1.72
218.18	8.749	33.903	1.78
210.64	8.804	33.891	1.85
203.1	8.908	33.884	1.88
195.37	8.993	33.884	1.87
188.23	9.123	33.858	1.91
181.88	9.195	33.841	1.97
173.95	9.233	33.832	2
166.21	9.269	33.836	2.01
158.37	9.358	33.817	2.06
150.93	9.484	33.765	2.13
144.29	9.543	33.731	2.22
137.64	9.594	33.717	2.28
130.6	9.625	33.705	2.3
122.86	9.671	33.692	2.34
114.92	9.754	33.652	2.42
106.59	9.797	33.623	2.57
98.65	9.834	33.594	2.65
91.9	9.903	33.555	2.85
87.04	9.987	33.518	2.95
82.18	10.049	33.481	3.11
77.32	10.111	33.458	3.24
71.56	10.178	33.433	3.33
65.51	10.212	33.415	3.4
59.55	10.292	33.403	3.45
53.2	10.241	33.355	3.53
48.44	9.894	33.104	4.15
44.47	9.845	33.03	4.42
41.39	9.718	32.919	4.65
40.4	9.696	32.888	4.78
40.1	9.696	32.89	4.79
40.6	9.696	32.891	4.78
40.6	9.694	32.892	4.78
40.7	9.692	32.891	4.79
40.4	9.689	32.893	4.79
40.4	9.691	32.897	4.78
38.22	9.688	32.852	4.81
35.14	9.891	32.77	4.99
29.68	10.275	32.74	5.09
23.62	10.568	32.686	5.18
19.46	11.413	32.509	5.52
16.78	11.944	32.753	5.64
17.87	12.28	32.815	5.78
17.47	12.415	32.8	5.84
14	12.638	32.836	5.92
6.15	12.737	32.825	6.02
