3.97	12.416	32.735	4.94
8.44	12.425	32.744	5.57
10.52	12.429	32.75	5.57
11.22	12.431	32.754	5.58
14.49	12.411	32.763	5.57
19.36	12.301	32.771	5.56
24.12	11.959	32.879	5.41
27	11.881	32.901	5.34
29.48	11.801	32.985	5.17
30.47	11.694	33.056	4.93
32.56	11.372	33.221	4.54
37.22	10.698	33.478	3.74
38.31	10.53	33.517	3.31
36.63	10.563	33.507	3.31
36.53	10.571	33.503	3.31
37.42	10.546	33.504	3.29
38.22	10.531	33.513	3.27
39.6	10.528	33.513	3.27
44.57	10.319	33.576	3.11
49.13	10.088	33.673	2.75
53.2	10.111	33.695	2.57
58.46	10.058	33.727	2.48
62.63	10.02	33.738	2.41
66.6	9.949	33.76	2.36
71.56	9.69	33.744	2.39
77.51	9.547	33.785	2.41
82.97	9.366	33.801	2.47
87.83	9.344	33.802	2.46
91.01	9.336	33.806	2.44
95.97	9.34	33.845	2.34
102.92	9.325	33.902	2.19
110.85	9.25	33.913	2.12
117.6	9.26	33.903	2.11
123.45	8.985	33.899	2.18
128.12	8.869	33.913	2.31
133.47	8.842	33.941	2.3
138.43	8.898	33.987	2.1
142.4	8.922	33.987	1.97
140.02	8.938	33.999	1.96
142.1	8.964	34.004	1.9
148.45	9.026	34.034	1.74
154.6	9.012	34.052	1.59
159.56	8.929	34.068	1.54
163.73	8.785	34.089	1.49
168.19	8.685	34.087	1.48
172.66	8.67	34.086	1.48
178.11	8.621	34.086	1.47
184.66	8.462	34.071	1.54
193.68	8.382	34.073	1.62
201.52	8.351	34.087	1.5
208.26	8.097	34.061	1.57
214.31	7.899	34.049	1.69
222.24	7.798	34.059	1.61
229.48	7.75	34.066	1.55
236.52	7.722	34.074	1.5
243.26	7.696	34.087	1.41
250.01	7.632	34.086	1.4
258.14	7.564	34.082	1.38
267.16	7.49	34.097	1.31
275.88	7.448	34.12	1.16
284.31	7.314	34.119	1.1
293.83	7.19	34.128	1.07
302.94	7.126	34.147	0.94
312.06	7.075	34.153	0.89
321.18	7.055	34.159	0.85
330.2	7	34.165	0.82
339.32	6.954	34.176	0.76
348.54	6.952	34.184	0.72
357.85	6.91	34.192	0.68
366.47	6.84	34.19	0.66
375.69	6.732	34.187	0.64
384.7	6.649	34.185	0.63
393.62	6.618	34.183	0.62
402.64	6.579	34.187	0.61
411.75	6.557	34.194	0.58
420.77	6.497	34.196	0.56
429.88	6.38	34.197	0.54
438.5	6.304	34.199	0.52
446.82	6.251	34.201	0.5
455.74	6.18	34.205	0.48
464.65	6.118	34.209	0.47
473.86	6.075	34.211	0.46
483.17	6.022	34.215	0.44
492.48	5.952	34.222	0.42
501.89	5.846	34.23	0.39
510.4	5.807	34.231	0.38
519.71	5.779	34.233	0.37
529.02	5.751	34.236	0.36
538.33	5.73	34.238	0.35
547.63	5.672	34.238	0.35
556.84	5.58	34.241	0.34
566.15	5.53	34.246	0.32
575.15	5.47	34.244	0.31
584.26	5.415	34.247	0.3
592.87	5.396	34.257	0.29
602.38	5.361	34.26	0.28
612.37	5.33	34.264	0.28
621.58	5.301	34.266	0.27
631.67	5.256	34.27	0.26
641.86	5.218	34.278	0.26
652.16	5.192	34.282	0.25
662.25	5.155	34.285	0.25
672.34	5.109	34.291	0.25
681.84	5.056	34.294	0.24
692.03	5.028	34.298	0.24
701.92	4.993	34.302	0.24
711.62	4.955	34.307	0.24
721.51	4.914	34.314	0.24
731.4	4.899	34.314	0.24
741.1	4.855	34.321	0.24
750.3	4.801	34.324	0.24
760.39	4.734	34.334	0.25
769.78	4.705	34.335	0.25
778.19	4.677	34.34	0.25
788.18	4.652	34.344	0.25
798.26	4.63	34.345	0.25
807.85	4.609	34.349	0.25
817.35	4.558	34.352	0.25
826.24	4.533	34.357	0.26
835.34	4.517	34.358	0.27
845.13	4.496	34.362	0.27
854.72	4.476	34.368	0.28
864.41	4.46	34.369	0.28
873.99	4.426	34.372	0.28
883.39	4.395	34.376	0.29
893.07	4.368	34.379	0.3
902.86	4.329	34.382	0.31
912.64	4.295	34.385	0.31
921.73	4.248	34.388	0.32
931.62	4.195	34.391	0.32
941.2	4.16	34.393	0.32
950.69	4.128	34.398	0.33
960.57	4.098	34.399	0.34
970.25	4.05	34.404	0.35
979.93	4.015	34.408	0.36
989.62	3.997	34.409	0.37
999.2	3.976	34.411	0.37
1008.09	3.95	34.414	0.38
1017.57	3.922	34.416	0.39
1027.16	3.917	34.416	0.39
1036.84	3.883	34.418	0.4
1046.42	3.832	34.423	0.41
1056.19	3.797	34.426	0.42
1065.68	3.751	34.432	0.43
1075.25	3.728	34.432	0.44
1084.83	3.699	34.435	0.46
1093.72	3.689	34.435	0.46
1103.3	3.674	34.436	0.46
1112.88	3.65	34.439	0.47
1122.36	3.61	34.443	0.48
1131.73	3.569	34.445	0.5
1141.21	3.552	34.447	0.5
1150.89	3.541	34.447	0.51
1158.78	3.515	34.45	0.52
1167.37	3.472	34.452	0.53
1176.75	3.437	34.454	0.54
1186.92	3.411	34.457	0.56
1197.08	3.388	34.458	0.57
1207.54	3.364	34.461	0.58
1218.4	3.341	34.463	0.58
1229.06	3.314	34.466	0.6
1239.62	3.297	34.467	0.61
1250.08	3.263	34.469	0.62
1260.93	3.243	34.471	0.63
1271.88	3.229	34.472	0.64
1282.54	3.209	34.474	0.64
1292.3	3.187	34.475	0.65
1302.86	3.165	34.477	0.67
1313.41	3.146	34.478	0.68
1323.97	3.133	34.479	0.69
1334.72	3.105	34.48	0.69
1345.17	3.081	34.483	0.7
1355.53	3.061	34.484	0.72
1365.19	3.021	34.487	0.73
1375.75	3.011	34.488	0.74
1386.3	2.996	34.489	0.74
1396.65	2.976	34.491	0.76
1406.91	2.959	34.492	0.77
1416.96	2.936	34.494	0.78
1426.82	2.91	34.496	0.79
1436.68	2.891	34.499	0.81
1447.23	2.877	34.501	0.82
1457.58	2.854	34.503	0.84
1467.83	2.841	34.506	0.86
1478.08	2.828	34.506	0.87
1488.14	2.81	34.507	0.88
1498.29	2.799	34.506	0.88
1508.54	2.782	34.508	0.89
1518.79	2.763	34.51	0.9
1528.25	2.738	34.511	0.91
1538.49	2.716	34.512	0.92
1548.64	2.694	34.514	0.92
1558.79	2.679	34.515	0.93
1568.94	2.67	34.516	0.94
1579.28	2.66	34.517	0.95
1589.33	2.65	34.519	0.96
1598.69	2.641	34.519	0.97
1608.84	2.635	34.52	0.98
1618.79	2.621	34.522	0.99
1628.73	2.595	34.525	1.01
1638.58	2.572	34.526	1.03
1648.43	2.558	34.527	1.04
1658.18	2.526	34.53	1.06
1667.73	2.502	34.532	1.08
1677.29	2.493	34.532	1.09
1685.85	2.473	34.534	1.1
1694.62	2.467	34.535	1.11
1703.18	2.456	34.535	1.12
1711.75	2.44	34.536	1.13
1720.22	2.419	34.538	1.14
1729.67	2.413	34.539	1.15
1739.31	2.41	34.538	1.16
1748.77	2.405	34.538	1.16
1758.02	2.393	34.54	1.17
1767.17	2.37	34.542	1.19
1776.23	2.337	34.545	1.21
1784.5	2.321	34.546	1.23
1793.06	2.299	34.548	1.25
1801.72	2.287	34.549	1.27
1810.67	2.279	34.549	1.28
1818.65	2.256	34.553	1.29
1827.01	2.233	34.555	1.32
1835.18	2.211	34.556	1.34
1842.95	2.2	34.557	1.35
1850.72	2.182	34.559	1.37
1858.89	2.169	34.56	1.39
1866.56	2.165	34.56	1.4
1874.63	2.152	34.562	1.41
1882.6	2.141	34.563	1.43
1891.16	2.137	34.563	1.44
1898.93	2.133	34.564	1.44
1907.09	2.122	34.565	1.45
1915.16	2.111	34.566	1.47
1922.44	2.11	34.567	1.48
1925	2.111	34.567	1.48
1929.72	2.11	34.567	1.48
1938.86	2.11	34.566	1.48
1948.6	2.11	34.566	1.48
1958.43	2.106	34.566	1.49
1967.58	2.09	34.57	1.5
1977.41	2.086	34.57	1.52
1987.25	2.07	34.572	1.54
1997.08	2.056	34.574	1.56
2006.91	2.046	34.575	1.58
2016.65	2.037	34.576	1.59
2026.18	2.018	34.576	1.6
2035.91	2.002	34.579	1.63
2045.45	1.995	34.578	1.63
2054.49	1.989	34.58	1.64
2064.42	1.982	34.579	1.65
2074.35	1.977	34.58	1.66
2084.28	1.973	34.581	1.66
2094.2	1.969	34.581	1.67
2104.23	1.966	34.582	1.68
2114.05	1.962	34.583	1.69
2123.29	1.96	34.583	1.7
2133.12	1.955	34.584	1.71
2142.94	1.95	34.585	1.72
2152.77	1.946	34.586	1.73
2162.69	1.937	34.586	1.75
2172.02	1.932	34.587	1.77
2180.87	1.927	34.589	1.78
2189.71	1.927	34.588	1.78
2198.25	1.916	34.589	1.79
2206.21	1.905	34.59	1.81
2215.64	1.9	34.591	1.82
2226.05	1.891	34.592	1.84
2236.56	1.884	34.594	1.86
2247.36	1.879	34.594	1.87
2257.87	1.879	34.594	1.87
2268.08	1.877	34.595	1.88
2278.79	1.864	34.596	1.89
2289.49	1.853	34.597	1.91
2299.51	1.848	34.598	1.92
2310.4	1.845	34.597	1.92
2321.3	1.839	34.598	1.92
2332.1	1.837	34.599	1.94
2342.8	1.832	34.599	1.96
2353.6	1.825	34.6	1.98
2363.91	1.813	34.602	2
2373.43	1.808	34.603	2.01
2383.24	1.805	34.603	2.02
2393.06	1.802	34.603	2.03
2402.38	1.793	34.604	2.04
2412	1.786	34.605	2.06
2421.02	1.781	34.605	2.08
2430.05	1.778	34.607	2.08
2439.57	1.777	34.607	2.09
2448.79	1.775	34.607	2.1
2457.92	1.774	34.607	2.1
2467.63	1.771	34.607	2.11
2477.34	1.765	34.608	2.12
2483.72	1.762	34.608	2.13
2489.21	1.759	34.609	2.14
2498.34	1.759	34.609	2.15
2508.64	1.755	34.61	2.15
2519.23	1.753	34.61	2.16
2529.92	1.75	34.611	2.17
2539.83	1.748	34.61	2.18
2550.52	1.744	34.611	2.19
2560.91	1.741	34.611	2.19
2571.11	1.738	34.612	2.2
2580.82	1.734	34.612	2.21
2590.62	1.732	34.613	2.22
2600.33	1.729	34.613	2.22
2609.45	1.727	34.613	2.23
2618.47	1.722	34.614	2.24
2628.27	1.72	34.614	2.25
2637.88	1.718	34.614	2.25
2647.39	1.713	34.615	2.26
2657.09	1.71	34.616	2.27
2666.7	1.709	34.615	2.27
2676.21	1.708	34.615	2.28
2685.71	1.706	34.616	2.28
2694.63	1.703	34.615	2.29
2704.14	1.7	34.617	2.29
2713.64	1.699	34.617	2.3
2723.25	1.698	34.617	2.3
2732.56	1.694	34.617	2.31
2741.47	1.688	34.618	2.32
2748.92	1.687	34.618	2.33
2755.39	1.684	34.618	2.33
2761.46	1.683	34.618	2.33
2766.95	1.682	34.618	2.34
2772.73	1.678	34.619	2.34
2778.21	1.678	34.618	2.35
2783.5	1.678	34.618	2.35
2788.69	1.675	34.618	2.35
2792.91	1.673	34.619	2.35
2798.49	1.672	34.619	2.36
2804.27	1.669	34.619	2.36
2811.13	1.67	34.619	2.37
2817.89	1.671	34.618	2.37
2824.84	1.668	34.619	2.37
2832.97	1.663	34.62	2.37
2840.9	1.66	34.62	2.38
2848.84	1.658	34.62	2.39
2857.45	1.658	34.62	2.39
2865.68	1.657	34.62	2.39
2872.34	1.658	34.621	2.39
2876.84	1.658	34.622	2.39
2883.11	1.657	34.621	2.39
2890.36	1.654	34.621	2.4
2897.01	1.653	34.621	2.4
2906.12	1.649	34.621	2.41
2914.64	1.647	34.622	2.41
2921.1	1.645	34.621	2.41
2928.83	1.637	34.623	2.42
2937.64	1.635	34.623	2.43
2947.63	1.634	34.622	2.44
2957.61	1.629	34.624	2.44
2966.52	1.629	34.624	2.45
2974.25	1.63	34.623	2.45
2981.01	1.63	34.624	2.45
2987.56	1.63	34.624	2.45
2993.44	1.63	34.624	2.45
2999.8	1.629	34.624	2.45
3006.16	1.628	34.624	2.45
3012.42	1.627	34.624	2.46
3018.98	1.627	34.625	2.46
3024.85	1.628	34.625	2.46
3029.74	1.628	34.625	2.46
3031.8	1.628	34.627	2.46
3033.46	1.629	34.624	2.45
3033.27	1.628	34.627	2.45
3033.46	1.628	34.625	2.42
3034.54	1.629	34.626	2.36
3034.64	1.63	34.625	2.35
3034.15	1.628	34.626	2.34
3034.64	1.629	34.625	2.35
3035.12	1.63	34.625	2.34
3035.22	1.631	34.628	2.34
3034.93	1.631	34.625	2.35
3035.22	1.632	34.624	2.34
3034.34	1.635	34.623	2.34
3034.15	1.629	34.626	2.34
3034.15	1.632	34.623	2.34
3034.15	1.631	34.625	2.34
3033.95	1.632	34.622	2.34
3034.54	1.629	34.625	2.34
3034.34	1.63	34.626	2.34
3034.15	1.628	34.626	2.35
3034.64	1.628	34.625	2.35
3035.03	1.629	34.625	2.34
3035.22	1.628	34.627	2.34
3035.52	1.628	34.626	2.34
3035.61	1.627	34.627	2.34
3035.91	1.629	34.626	2.34
3035.61	1.63	34.627	2.34
3034.93	1.628	34.627	2.34
3034.54	1.628	34.627	2.34
3034.64	1.629	34.626	2.34
3034.83	1.628	34.625	2.34
3035.61	1.629	34.625	2.34
3036.01	1.63	34.626	2.34
3036.3	1.629	34.625	2.33
3036.3	1.629	34.625	2.34
3036.1	1.629	34.626	2.34
3036.4	1.631	34.627	2.34
3036.1	1.634	34.629	2.34
3034.54	1.631	34.626	2.34
3035.52	1.628	34.625	2.34
3036.2	1.631	34.624	2.34
3036.2	1.629	34.624	2.33
3036.2	1.631	34.624	2.34
3036.2	1.632	34.624	2.34
3036.1	1.632	34.625	2.34
3036.3	1.631	34.625	2.34
3036.2	1.631	34.625	2.34
3036.3	1.63	34.625	2.35
3036.4	1.63	34.625	2.35
3036.2	1.632	34.624	2.34
3036.1	1.63	34.626	2.34
3036.1	1.63	34.625	2.34
3036.1	1.63	34.624	2.34
3035.61	1.63	34.625	2.34
3034.83	1.634	34.624	2.34
3035.32	1.636	34.624	2.34
3035.22	1.631	34.629	2.34
3035.52	1.629	34.626	2.34
3035.52	1.629	34.625	2.34
3035.42	1.629	34.625	2.34
3035.03	1.629	34.625	2.34
3034.93	1.629	34.625	2.34
3034.73	1.629	34.627	2.34
3034.73	1.629	34.625	2.34
3035.03	1.629	34.626	2.34
3035.32	1.629	34.626	2.34
3035.03	1.629	34.626	2.34
3035.03	1.629	34.625	2.34
3035.32	1.629	34.625	2.34
3035.81	1.629	34.626	2.34
3035.91	1.629	34.626	2.34
3036.1	1.629	34.626	2.34
3035.81	1.629	34.625	2.34
3035.71	1.63	34.625	2.34
3035.52	1.63	34.625	2.34
3035.42	1.629	34.626	2.34
3035.61	1.629	34.625	2.34
3035.71	1.628	34.626	2.34
3035.61	1.629	34.626	2.34
3035.52	1.629	34.626	2.34
3034.93	1.631	34.627	2.34
3035.03	1.637	34.626	2.34
3034.44	1.631	34.628	2.33
3033.75	1.637	34.628	2.34
3033.95	1.63	34.623	2.34
3034.34	1.628	34.626	2.34
3034.73	1.627	34.626	2.34
3034.83	1.628	34.626	2.34
3034.34	1.63	34.625	2.34
3033.75	1.632	34.626	2.34
3033.17	1.63	34.627	2.33
3033.95	1.629	34.625	2.34
3034.24	1.628	34.626	2.34
3034.24	1.628	34.625	2.34
3033.85	1.629	34.625	2.34
3034.15	1.628	34.625	2.34
3035.22	1.628	34.627	2.34
3034.83	1.628	34.627	2.34
3034.34	1.629	34.624	2.34
3033.66	1.628	34.626	2.34
3032.97	1.628	34.626	2.34
3033.56	1.629	34.624	2.34
3033.75	1.629	34.624	2.34
3034.93	1.629	34.625	2.35
3035.91	1.629	34.627	2.33
3035.71	1.629	34.626	2.34
3035.91	1.629	34.625	2.33
3035.52	1.64	34.615	2.34
3035.71	1.631	34.625	2.34
3035.81	1.628	34.627	2.34
3036.1	1.629	34.625	2.33
3035.61	1.628	34.625	2.34
3034.64	1.629	34.626	2.34
3034.83	1.628	34.626	2.34
3034.44	1.629	34.625	2.34
3031.9	1.629	34.626	2.34
3030.33	1.63	34.625	2.34
3031.41	1.628	34.626	2.34
3033.07	1.628	34.626	2.34
3032.87	1.63	34.626	2.34
3032.87	1.631	34.625	2.33
3032.68	1.629	34.626	2.33
3032.39	1.63	34.625	2.34
3031.02	1.632	34.627	2.33
3030.43	1.633	34.626	2.34
3029.45	1.631	34.626	2.33
3028.37	1.629	34.626	2.34
3027.69	1.63	34.626	2.33
3026.61	1.635	34.621	2.33
3026.71	1.63	34.624	2.33
3025.24	1.631	34.626	2.33
3025.83	1.631	34.624	2.34
3031.41	1.628	34.624	2.33
3034.24	1.629	34.626	2.33
3034.44	1.629	34.626	2.34
3034.05	1.628	34.627	2.33
3034.15	1.628	34.626	2.33
3035.61	1.628	34.627	2.33
3035.32	1.628	34.626	2.34
3035.32	1.629	34.626	2.33
3035.71	1.629	34.625	2.33
3034.64	1.627	34.627	2.34
3035.61	1.628	34.626	2.34
3035.81	1.628	34.626	2.34
3036.4	1.628	34.625	2.34
3036.3	1.627	34.627	2.34
3035.81	1.635	34.622	2.33
3035.61	1.632	34.622	2.34
3035.42	1.632	34.621	2.34
3034.44	1.63	34.626	2.33
3035.12	1.628	34.625	2.34
3035.71	1.629	34.624	2.33
3035.52	1.63	34.624	2.34
3035.32	1.63	34.628	2.34
3035.61	1.629	34.627	2.34
3034.83	1.629	34.626	2.34
3034.73	1.63	34.624	2.34
3034.73	1.639	34.62	2.34
3033.95	1.629	34.626	2.33
3032.68	1.628	34.627	2.33
3032.97	1.627	34.625	2.34
3034.64	1.628	34.626	2.33
3034.73	1.629	34.624	2.33
3035.12	1.63	34.624	2.33
3034.34	1.63	34.625	2.33
3033.95	1.629	34.624	2.33
3033.27	1.629	34.625	2.34
3033.07	1.628	34.625	2.34
3034.73	1.628	34.626	2.33
3035.03	1.63	34.624	2.33
3034.34	1.63	34.624	2.33
3034.24	1.629	34.624	2.33
3034.73	1.63	34.624	2.34
3034.54	1.629	34.625	2.34
3035.32	1.629	34.624	2.34
3034.83	1.631	34.624	2.34
3035.71	1.629	34.625	2.33
3035.91	1.629	34.624	2.33
3035.91	1.629	34.624	2.33
3035.52	1.629	34.624	2.33
3034.34	1.629	34.625	2.33
3033.36	1.63	34.624	2.33
3034.05	1.63	34.624	2.33
3034.73	1.629	34.624	2.33
3033.07	1.629	34.624	2.34
3032.09	1.628	34.624	2.34
3034.73	1.628	34.624	2.32
3034.93	1.628	34.627	2.32
3035.52	1.629	34.624	2.33
3036.1	1.63	34.625	2.34
3036.4	1.629	34.625	2.34
3036.3	1.631	34.626	2.34
3035.12	1.629	34.623	2.33
3035.81	1.63	34.624	2.33
3035.12	1.629	34.624	2.33
3034.64	1.629	34.624	2.33
3035.32	1.629	34.624	2.33
3035.52	1.63	34.623	2.33
3034.44	1.629	34.624	2.33
3035.03	1.628	34.625	2.33
3035.32	1.629	34.624	2.33
3035.03	1.629	34.624	2.34
3034.93	1.628	34.625	2.33
3034.54	1.629	34.625	2.33
3035.03	1.629	34.623	2.33
3034.44	1.63	34.624	2.33
3035.12	1.629	34.623	2.33
3035.81	1.629	34.624	2.34
3036.1	1.629	34.625	2.34
3035.61	1.628	34.627	2.33
3034.05	1.628	34.624	2.33
3031.41	1.628	34.625	2.34
3029.55	1.627	34.628	2.34
3027.69	1.627	34.625	2.34
3025.44	1.627	34.625	2.34
3022.5	1.627	34.625	2.33
3019.86	1.627	34.624	2.34
3017.22	1.627	34.624	2.33
3013.99	1.627	34.624	2.33
3010.66	1.629	34.626	2.33
3007.82	1.63	34.624	2.33
3005.67	1.63	34.624	2.33
3007.92	1.63	34.623	2.32
3009.1	1.631	34.623	2.32
3006.45	1.629	34.627	2.33
3002.83	1.628	34.628	2.32
2999.21	1.628	34.626	2.32
2995.79	1.628	34.626	2.32
2993.53	1.629	34.625	2.32
2990.79	1.629	34.624	2.32
2987.66	1.629	34.625	2.32
2984.92	1.629	34.625	2.32
2982.08	1.629	34.624	2.32
2979.05	1.63	34.624	2.32
2975.92	1.63	34.624	2.32
2972.88	1.631	34.623	2.31
2972.49	1.63	34.626	2.32
2972.49	1.63	34.626	2.32
2972.49	1.632	34.623	2.32
2971.71	1.63	34.622	2.32
2967.89	1.631	34.622	2.32
2963.98	1.633	34.623	2.32
2960.55	1.635	34.622	2.32
2956.83	1.635	34.622	2.31
2953.31	1.635	34.622	2.31
2950.27	1.634	34.622	2.31
2947.43	1.634	34.623	2.32
2944.3	1.634	34.623	2.32
2941.17	1.636	34.623	2.31
2938.04	1.637	34.623	2.31
2934.9	1.638	34.622	2.31
2931.77	1.639	34.621	2.31
2928.54	1.64	34.622	2.31
2925.99	1.641	34.622	2.3
2923.45	1.643	34.622	2.3
2920.61	1.643	34.621	2.3
2917.57	1.643	34.622	2.3
2914.83	1.644	34.622	2.3
2911.8	1.646	34.622	2.3
2910.62	1.647	34.621	2.3
2910.72	1.645	34.622	2.28
2907.88	1.647	34.621	2.28
2904.55	1.647	34.621	2.28
2901.42	1.648	34.621	2.29
2897.6	1.649	34.621	2.29
2893.78	1.65	34.621	2.28
2889.67	1.65	34.621	2.28
2885.36	1.65	34.62	2.27
2880.96	1.651	34.621	2.27
2876.45	1.655	34.62	2.27
2872.34	1.656	34.62	2.27
2868.03	1.656	34.62	2.27
2863.82	1.656	34.62	2.27
2859.12	1.656	34.62	2.26
2854.52	1.657	34.62	2.26
2850.01	1.658	34.62	2.26
2845.51	1.658	34.619	2.26
2841.59	1.657	34.62	2.26
2838.16	1.657	34.62	2.26
2834.63	1.657	34.62	2.26
2830.81	1.657	34.619	2.26
2827.19	1.657	34.62	2.24
2824.06	1.657	34.62	2.25
2821.02	1.657	34.62	2.26
2817.79	1.658	34.62	2.26
2814.46	1.659	34.619	2.26
2811.42	1.66	34.62	2.26
2807.99	1.661	34.62	2.26
2804.56	1.663	34.619	2.26
2800.84	1.665	34.619	2.25
2797.02	1.666	34.619	2.24
2793.2	1.667	34.619	2.24
2789.18	1.666	34.62	2.24
2785.07	1.666	34.619	2.24
2780.56	1.667	34.618	2.23
2776.16	1.668	34.619	2.23
2771.55	1.67	34.618	2.23
2766.95	1.67	34.618	2.23
2763.03	1.673	34.618	2.24
2759.4	1.673	34.618	2.23
2756.36	1.676	34.618	2.23
2753.33	1.678	34.618	2.23
2750.09	1.679	34.618	2.22
2746.76	1.679	34.618	2.22
2743.63	1.68	34.618	2.22
2740.39	1.684	34.617	2.22
2736.96	1.685	34.618	2.21
2733.54	1.685	34.617	2.21
2729.91	1.685	34.617	2.21
2726.68	1.686	34.617	2.21
2727.66	1.686	34.617	2.2
2727.36	1.687	34.617	2.2
2726.77	1.687	34.618	2.19
2727.85	1.687	34.617	2.19
2726.58	1.687	34.617	2.2
2723.93	1.687	34.621	2.2
2721.38	1.687	34.617	2.19
2717.37	1.688	34.616	2.19
2714.13	1.693	34.616	2.19
2710.61	1.694	34.615	2.18
2706.29	1.694	34.616	2.18
2703.65	1.695	34.615	2.18
2702.77	1.696	34.616	2.17
2699.24	1.695	34.616	2.17
2695.41	1.696	34.615	2.17
2691.98	1.695	34.616	2.17
2688.85	1.696	34.616	2.18
2687.48	1.696	34.618	2.18
2687.48	1.698	34.616	2.18
2686.89	1.7	34.617	2.17
2685.71	1.7	34.618	2.17
2684.63	1.701	34.616	2.17
2684.44	1.701	34.617	2.16
2683.95	1.702	34.618	2.16
2684.73	1.702	34.617	2.16
2683.65	1.701	34.616	2.16
2681.01	1.7	34.615	2.17
2678.17	1.7	34.616	2.17
2675.42	1.702	34.615	2.17
2672.38	1.702	34.615	2.17
2669.15	1.703	34.615	2.17
2665.72	1.705	34.615	2.17
2662.19	1.705	34.615	2.16
2658.46	1.706	34.615	2.16
2654.74	1.706	34.615	2.16
2651.7	1.707	34.617	2.15
2650.72	1.707	34.616	2.15
2649.45	1.707	34.619	2.14
2648.86	1.709	34.618	2.15
2647.78	1.706	34.618	2.15
2645.92	1.707	34.616	2.14
2643.17	1.708	34.615	2.15
2639.25	1.708	34.614	2.14
2634.64	1.71	34.613	2.14
2630.23	1.713	34.613	2.14
2626.31	1.717	34.613	2.13
2623.08	1.717	34.614	2.13
2619.15	1.718	34.613	2.13
2614.94	1.718	34.613	2.12
2610.23	1.72	34.612	2.12
2605.23	1.723	34.611	2.12
2600.23	1.724	34.613	2.11
2595.72	1.723	34.614	2.11
2591.02	1.724	34.612	2.11
2586.01	1.724	34.613	2.11
2581.11	1.727	34.612	2.11
2577.39	1.73	34.612	2.11
2574.74	1.731	34.613	2.1
2571.5	1.732	34.612	2.1
2568.56	1.732	34.612	2.09
2565.62	1.733	34.612	2.1
2562.68	1.735	34.612	2.09
2559.83	1.736	34.611	2.09
2556.69	1.737	34.611	2.08
2553.95	1.739	34.612	2.08
2551.69	1.739	34.612	2.08
2549.73	1.74	34.612	2.08
2547.18	1.74	34.612	2.08
2544.24	1.742	34.61	2.07
2541.3	1.744	34.61	2.06
2538.45	1.746	34.611	2.06
2535.8	1.747	34.61	2.07
2533.06	1.747	34.611	2.06
2530.51	1.748	34.61	2.05
2527.76	1.748	34.611	2.05
2525.11	1.75	34.61	2.05
2522.17	1.751	34.61	2.05
2519.13	1.753	34.609	2.05
2517.76	1.754	34.61	2.05
2517.76	1.755	34.612	2.04
2516.78	1.754	34.611	2.04
2515.8	1.755	34.611	2.04
2516.78	1.755	34.61	2.04
2514.91	1.756	34.609	2.04
2511.87	1.757	34.609	2.03
2508.73	1.759	34.609	2.03
2505.99	1.759	34.608	2.02
2504.22	1.759	34.609	2.03
2501.57	1.757	34.61	2.03
2498.53	1.76	34.609	2.03
2495.59	1.76	34.609	2.03
2492.74	1.76	34.609	2.03
2490	1.76	34.609	2.03
2487.25	1.76	34.609	2.03
2484.41	1.761	34.609	2.03
2481.66	1.762	34.608	2.02
2479.21	1.763	34.609	2.02
2476.66	1.763	34.608	2.02
2474.4	1.763	34.608	2.02
2471.85	1.765	34.608	2.01
2469.1	1.767	34.608	2
2466.26	1.768	34.608	2
2463.22	1.769	34.608	2
2459.98	1.772	34.607	1.99
2457.33	1.772	34.607	1.99
2454.48	1.772	34.606	1.99
2451.15	1.774	34.606	1.99
2448.2	1.776	34.607	1.99
2444.57	1.777	34.606	1.98
2440.45	1.778	34.606	1.98
2436.23	1.778	34.606	1.97
2431.62	1.778	34.606	1.97
2429.95	1.778	34.608	1.97
2429.95	1.777	34.609	1.97
2430.35	1.778	34.607	1.96
2429.46	1.778	34.607	1.96
2428.19	1.783	34.606	1.97
2427.01	1.781	34.607	1.97
2425.54	1.78	34.607	1.97
2424.16	1.78	34.608	1.97
2423.38	1.78	34.608	1.97
2422.89	1.781	34.607	1.97
2422.69	1.782	34.607	1.97
2422.4	1.783	34.608	1.97
2422.1	1.786	34.604	1.97
2422.2	1.782	34.606	1.97
2422.1	1.781	34.606	1.97
2421.81	1.781	34.605	1.97
2421.52	1.782	34.603	1.97
2421.12	1.789	34.604	1.97
2420.93	1.79	34.605	1.97
2420.73	1.785	34.605	1.97
2420.63	1.783	34.603	1.98
2420.63	1.781	34.607	1.98
2420.44	1.784	34.607	1.97
2420.04	1.786	34.604	1.97
2419.85	1.787	34.602	1.98
2419.65	1.787	34.601	1.98
2419.36	1.784	34.607	1.98
2418.96	1.784	34.609	1.97
2418.57	1.787	34.609	1.97
2418.18	1.788	34.609	1.97
2417.79	1.789	34.611	1.97
2417.49	1.789	34.606	1.97
2417.1	1.79	34.605	1.97
2416.71	1.793	34.604	1.97
2416.41	1.793	34.6	1.97
2415.92	1.801	34.603	1.97
2415.53	1.797	34.602	1.96
2415.04	1.788	34.609	1.97
2414.65	1.789	34.607	1.97
2414.25	1.79	34.607	1.97
2413.86	1.791	34.605	1.97
2413.37	1.79	34.606	1.96
2412.78	1.788	34.606	1.96
2412.29	1.789	34.605	1.97
2411.8	1.79	34.605	1.96
2411.31	1.789	34.605	1.96
2411.02	1.79	34.606	1.96
2410.52	1.79	34.605	1.96
2410.23	1.791	34.608	1.96
2409.84	1.791	34.606	1.97
2409.54	1.791	34.608	1.96
2408.95	1.791	34.607	1.96
2408.66	1.793	34.613	1.96
2408.37	1.812	34.624	1.96
2408.27	1.811	34.6	1.96
2408.07	1.804	34.598	1.96
2408.07	1.799	34.602	1.96
2408.07	1.798	34.601	1.96
2407.87	1.797	34.605	1.95
2407.87	1.797	34.604	1.96
2407.68	1.794	34.606	1.96
2407.48	1.794	34.602	1.96
2407.38	1.796	34.599	1.96
2407.19	1.796	34.605	1.96
2407.09	1.797	34.604	1.96
2406.89	1.797	34.603	1.96
2406.6	1.803	34.603	1.96
2406.4	1.813	34.603	1.95
2406.21	1.811	34.603	1.96
2406.11	1.811	34.603	1.96
2406.01	1.803	34.608	1.96
2405.91	1.8	34.606	1.95
2405.81	1.804	34.599	1.95
2405.62	1.811	34.599	1.95
2405.62	1.813	34.6	1.95
2405.42	1.806	34.61	1.95
2405.32	1.807	34.615	1.95
2405.13	1.808	34.616	1.95
2404.54	1.802	34.61	1.95
2404.73	1.816	34.588	1.95
2404.54	1.799	34.605	1.96
2404.05	1.794	34.611	1.95
2404.15	1.797	34.608	1.96
2403.85	1.799	34.609	1.95
2402.58	1.793	34.611	1.95
2400.91	1.794	34.607	1.95
2399.93	1.795	34.608	1.95
2399.93	1.791	34.606	1.95
2398.75	1.79	34.609	1.95
2396.69	1.789	34.61	1.95
2394.14	1.793	34.607	1.94
2391.49	1.799	34.603	1.94
2388.74	1.804	34.605	1.92
2386.19	1.807	34.604	1.92
2384.12	1.809	34.604	1.91
2381.67	1.811	34.604	1.9
2378.82	1.813	34.604	1.9
2376.47	1.813	34.605	1.9
2374.6	1.815	34.604	1.9
2372.84	1.817	34.604	1.89
2370.87	1.819	34.605	1.89
2369.01	1.821	34.605	1.89
2367.24	1.825	34.604	1.88
2365.28	1.823	34.605	1.88
2363.12	1.824	34.604	1.88
2360.67	1.825	34.601	1.88
2357.72	1.826	34.601	1.87
2354.68	1.826	34.601	1.87
2351.73	1.827	34.6	1.87
2348.89	1.827	34.601	1.87
2346.14	1.827	34.601	1.87
2344.76	1.828	34.6	1.87
2346.83	1.828	34.601	1.86
2348.69	1.827	34.601	1.87
2347.91	1.825	34.601	1.87
2346.43	1.828	34.6	1.87
2344.57	1.827	34.603	1.87
2342.21	1.828	34.603	1.86
2339.37	1.831	34.603	1.86
2336.71	1.836	34.601	1.86
2334.46	1.836	34.601	1.85
2331.9	1.837	34.602	1.84
2329.94	1.839	34.599	1.83
2328.17	1.842	34.598	1.82
2325.82	1.841	34.598	1.81
2323.46	1.842	34.599	1.81
2321.01	1.843	34.6	1.81
2319.24	1.843	34.601	1.81
2317.08	1.846	34.599	1.81
2314.53	1.846	34.601	1.81
2312.27	1.846	34.601	1.81
2310.11	1.846	34.6	1.81
2308.83	1.848	34.597	1.81
2308.64	1.849	34.598	1.8
2308.74	1.85	34.596	1.81
2308.83	1.85	34.596	1.81
2308.93	1.85	34.597	1.81
2308.93	1.851	34.599	1.81
2308.93	1.853	34.596	1.8
2308.64	1.855	34.593	1.8
2307.95	1.851	34.596	1.81
2307.95	1.849	34.598	1.81
2308.05	1.85	34.598	1.81
2307.66	1.854	34.598	1.8
2306.58	1.849	34.6	1.8
2304.61	1.848	34.599	1.8
2302.75	1.851	34.602	1.8
2302.45	1.85	34.599	1.81
2301.27	1.849	34.599	1.8
2298.52	1.851	34.6	1.8
2295.97	1.852	34.597	1.8
2292.73	1.852	34.597	1.81
2289.59	1.852	34.597	1.8
2285.86	1.854	34.597	1.8
2281.54	1.868	34.593	1.79
2277.9	1.875	34.594	1.78
2273.98	1.877	34.594	1.78
2269.85	1.876	34.594	1.78
2266.02	1.876	34.596	1.77
2264.16	1.876	34.596	1.77
2264.16	1.876	34.596	1.78
2264.25	1.877	34.595	1.77
2264.55	1.88	34.594	1.78
2264.55	1.878	34.596	1.78
2264.55	1.881	34.595	1.77
2264.65	1.879	34.595	1.78
2264.65	1.879	34.594	1.78
2264.65	1.88	34.593	1.78
2264.45	1.881	34.594	1.78
2264.45	1.881	34.593	1.78
2264.45	1.881	34.593	1.78
2264.65	1.882	34.591	1.78
2264.75	1.888	34.587	1.78
2264.84	1.894	34.581	1.78
2265.14	1.891	34.587	1.78
2265.14	1.901	34.586	1.78
2265.14	1.902	34.595	1.78
2264.55	1.891	34.605	1.78
2264.45	1.885	34.596	1.78
2264.65	1.881	34.596	1.78
2263.86	1.878	34.597	1.77
2262.88	1.878	34.596	1.77
2263.76	1.877	34.597	1.77
2262.29	1.877	34.596	1.78
2260.03	1.877	34.594	1.77
2256.3	1.878	34.594	1.77
2252.77	1.88	34.595	1.77
2252.96	1.881	34.596	1.76
2253.75	1.882	34.594	1.76
2253.85	1.882	34.595	1.76
2254.04	1.891	34.593	1.77
2254.14	1.887	34.593	1.77
2254.14	1.883	34.597	1.77
2254.14	1.884	34.595	1.77
2254.04	1.883	34.596	1.77
2254.04	1.892	34.59	1.77
2254.34	1.9	34.582	1.77
2254.34	1.909	34.575	1.77
2254.34	1.903	34.582	1.77
2254.34	1.893	34.587	1.77
2254.43	1.887	34.594	1.77
2254.53	1.888	34.591	1.77
2254.93	1.885	34.593	1.77
2255.02	1.888	34.592	1.77
2255.32	1.9	34.587	1.77
2256.1	1.881	34.596	1.77
2256.01	1.885	34.594	1.77
2256.6	1.883	34.594	1.77
2257.09	1.885	34.592	1.77
2257.18	1.892	34.593	1.77
2256.2	1.887	34.599	1.77
2253.85	1.882	34.595	1.77
2251.78	1.881	34.593	1.77
2248.84	1.882	34.594	1.77
2245.3	1.884	34.592	1.76
2241.67	1.885	34.593	1.75
2238.23	1.886	34.592	1.75
2234.4	1.887	34.592	1.75
2230.86	1.887	34.592	1.75
2227.62	1.889	34.591	1.75
2223.99	1.892	34.59	1.74
2220.45	1.895	34.59	1.73
2216.92	1.898	34.589	1.72
2213.68	1.904	34.588	1.71
2210.63	1.908	34.589	1.71
2208.27	1.909	34.589	1.71
2205.52	1.912	34.59	1.7
2202.48	1.916	34.588	1.7
2199.24	1.925	34.587	1.69
2196.29	1.929	34.587	1.67
2193.15	1.932	34.587	1.67
2189.61	1.937	34.585	1.66
2185.48	1.94	34.584	1.65
2181.06	1.942	34.585	1.64
2177.72	1.943	34.585	1.65
2175.56	1.944	34.584	1.64
2172.22	1.948	34.585	1.64
2168.09	1.95	34.584	1.63
2165.34	1.952	34.584	1.64
2162.2	1.955	34.584	1.64
2158.76	1.958	34.584	1.63
2155.81	1.96	34.584	1.62
2152.08	1.963	34.583	1.61
2148.64	1.965	34.582	1.61
2145.2	1.968	34.583	1.6
2141.67	1.969	34.582	1.6
2140.09	1.969	34.583	1.59
2139.5	1.97	34.584	1.59
2138.13	1.97	34.583	1.59
2135.57	1.97	34.582	1.59
2132.43	1.97	34.581	1.59
2128.69	1.971	34.581	1.59
2124.86	1.974	34.58	1.58
2121.03	1.975	34.579	1.58
2117.39	1.978	34.58	1.58
2113.76	1.986	34.578	1.57
2112.97	1.991	34.58	1.56
2113.17	1.991	34.58	1.56
2112.48	1.992	34.58	1.55
2112.28	1.996	34.583	1.55
2111.99	1.993	34.577	1.55
2111.4	1.99	34.58	1.56
2111.01	1.99	34.58	1.55
2111.2	1.991	34.58	1.55
2111.2	1.991	34.58	1.55
2111.3	1.995	34.58	1.55
2111.69	1.998	34.577	1.55
2112.68	1.992	34.58	1.55
2113.37	1.991	34.581	1.55
2112.68	1.993	34.579	1.55
2109.93	1.993	34.578	1.55
2106.19	1.997	34.578	1.55
2101.97	2	34.578	1.55
2097.54	2	34.578	1.54
2092.92	2.003	34.578	1.55
2088.8	2.013	34.576	1.55
2087.13	2.016	34.579	1.55
2086.04	2.019	34.579	1.54
2082.41	2.021	34.576	1.54
2078.87	2.022	34.577	1.53
2075.33	2.022	34.577	1.53
2071.89	2.023	34.576	1.53
2068.35	2.025	34.576	1.52
2065.01	2.025	34.576	1.53
2061.77	2.026	34.576	1.52
2058.33	2.035	34.575	1.52
2054.89	2.037	34.575	1.51
2051.64	2.038	34.575	1.51
2048.2	2.04	34.575	1.51
2044.47	2.043	34.574	1.5
2040.63	2.046	34.574	1.5
2037.29	2.049	34.575	1.5
2034.44	2.05	34.575	1.5
2031.69	2.051	34.574	1.5
2028.84	2.053	34.574	1.49
2025.89	2.054	34.574	1.49
2022.74	2.055	34.573	1.49
2020.09	2.056	34.573	1.48
2021.07	2.057	34.573	1.48
2018.91	2.057	34.572	1.48
2015.37	2.065	34.572	1.48
2012.12	2.072	34.571	1.47
2009.17	2.073	34.571	1.47
2005.73	2.075	34.571	1.46
2002.59	2.078	34.57	1.46
1999.44	2.079	34.57	1.45
1996.19	2.079	34.57	1.45
1995.21	2.081	34.573	1.45
1994.03	2.082	34.573	1.44
1992.36	2.083	34.57	1.44
1988.92	2.087	34.57	1.44
1985.08	2.089	34.569	1.44
1981.25	2.101	34.566	1.43
1977.41	2.107	34.567	1.41
1973.58	2.109	34.566	1.4
1969.65	2.11	34.566	1.4
1966.01	2.111	34.566	1.4
1962.17	2.112	34.566	1.4
1958.83	2.114	34.565	1.39
1955.29	2.116	34.565	1.39
1951.55	2.121	34.564	1.38
1947.81	2.125	34.564	1.38
1943.98	2.127	34.564	1.37
1939.95	2.134	34.561	1.37
1935.82	2.141	34.561	1.36
1932.08	2.146	34.561	1.36
1930.6	2.148	34.563	1.35
1930.31	2.149	34.564	1.35
1930.01	2.15	34.564	1.35
1929.91	2.148	34.563	1.35
1929.32	2.151	34.562	1.35
1928.93	2.152	34.563	1.35
1929.23	2.15	34.562	1.35
1929.32	2.151	34.562	1.35
1927.85	2.15	34.562	1.35
1925.09	2.151	34.562	1.34
1922.05	2.151	34.562	1.35
1919.09	2.153	34.561	1.34
1916.34	2.155	34.561	1.34
1914.18	2.157	34.56	1.34
1911.32	2.16	34.56	1.33
1907.39	2.163	34.56	1.33
1903.16	2.168	34.559	1.32
1899.03	2.175	34.559	1.32
1894.7	2.183	34.558	1.31
1889.98	2.187	34.557	1.3
1885.06	2.197	34.556	1.3
1880.73	2.212	34.555	1.29
1877.88	2.223	34.555	1.28
1875.02	2.226	34.554	1.27
1871.88	2.228	34.554	1.26
1869.02	2.229	34.554	1.26
1866.37	2.231	34.554	1.26
1863.22	2.235	34.554	1.26
1859.58	2.237	34.553	1.25
1856.23	2.243	34.553	1.25
1852.79	2.25	34.551	1.24
1849.15	2.257	34.552	1.24
1845.02	2.271	34.55	1.23
1840.88	2.277	34.548	1.22
1836.75	2.282	34.548	1.21
1832.72	2.285	34.549	1.2
1828.39	2.295	34.547	1.2
1823.96	2.298	34.547	1.19
1819.83	2.298	34.548	1.19
1815.4	2.3	34.547	1.19
1811.86	2.303	34.547	1.19
1807.72	2.304	34.547	1.18
1803.79	2.306	34.547	1.18
1799.65	2.308	34.546	1.18
1794.93	2.32	34.543	1.18
1790.3	2.335	34.543	1.16
1785.48	2.34	34.544	1.15
1781.25	2.345	34.543	1.15
1777.61	2.348	34.543	1.14
1773.67	2.35	34.543	1.14
1770.52	2.351	34.543	1.14
1767.47	2.356	34.542	1.14
1764.51	2.359	34.542	1.14
1763.43	2.36	34.544	1.14
1763.14	2.36	34.544	1.13
1763.24	2.36	34.544	1.13
1762.84	2.362	34.544	1.13
1762.84	2.363	34.544	1.13
1762.74	2.362	34.545	1.14
1761.56	2.367	34.544	1.13
1762.15	2.362	34.545	1.13
1762.94	2.363	34.544	1.13
1762.64	2.363	34.544	1.13
1762.55	2.364	34.543	1.13
1762.55	2.363	34.542	1.13
1762.55	2.369	34.541	1.13
1762.94	2.366	34.544	1.13
1763.14	2.365	34.543	1.13
1763.24	2.371	34.542	1.13
1763.33	2.366	34.541	1.13
1763.73	2.362	34.544	1.13
1763.73	2.361	34.546	1.13
1764.32	2.363	34.543	1.13
1764.22	2.364	34.542	1.13
1762.45	2.364	34.545	1.13
1761.46	2.379	34.539	1.13
1760.87	2.38	34.54	1.11
1759.89	2.378	34.54	1.11
1756.74	2.38	34.539	1.12
1753.59	2.386	34.54	1.12
1750.24	2.396	34.539	1.11
1746.4	2.401	34.54	1.11
1742.66	2.41	34.538	1.1
1738.72	2.412	34.538	1.09
1734.88	2.412	34.538	1.09
1730.95	2.413	34.538	1.09
1727.6	2.413	34.539	1.09
1727.5	2.414	34.538	1.09
1728.68	2.413	34.538	1.09
1727.3	2.413	34.539	1.09
1726.71	2.414	34.539	1.09
1726.02	2.415	34.538	1.09
1725.14	2.417	34.539	1.09
1724.65	2.422	34.536	1.09
1724.45	2.418	34.538	1.09
1724.45	2.419	34.538	1.09
1724.25	2.421	34.538	1.09
1723.96	2.427	34.535	1.09
1723.96	2.424	34.541	1.09
1724.15	2.424	34.538	1.09
1724.25	2.424	34.536	1.09
1724.45	2.425	34.539	1.08
1722.87	2.425	34.536	1.08
1719.33	2.431	34.535	1.08
1715.19	2.435	34.532	1.07
1710.96	2.443	34.529	1.07
1706.83	2.446	34.531	1.06
1703.08	2.459	34.532	1.06
1700.13	2.468	34.535	1.06
1697.28	2.474	34.533	1.04
1694.12	2.478	34.533	1.04
1691.07	2.478	34.532	1.04
1688.22	2.478	34.532	1.04
1684.87	2.483	34.532	1.03
1681.13	2.499	34.53	1.03
1677.19	2.504	34.531	1.02
1672.95	2.505	34.53	1.02
1668.52	2.515	34.528	1.02
1664.09	2.533	34.523	1.01
1660.74	2.544	34.527	1
1657.89	2.555	34.525	0.99
1653.36	2.565	34.526	0.99
1652.77	2.57	34.527	0.99
1653.45	2.566	34.526	0.98
1652.08	2.568	34.526	0.98
1651.19	2.57	34.528	0.98
1651.39	2.57	34.527	0.98
1651.49	2.569	34.525	0.98
1651.39	2.57	34.526	0.98
1650.4	2.572	34.528	0.98
1648.53	2.573	34.527	0.98
1647.64	2.575	34.527	0.98
1647.45	2.582	34.524	0.98
1644.49	2.592	34.521	0.97
1641.05	2.598	34.521	0.97
1637.89	2.599	34.524	0.96
1634.64	2.614	34.523	0.97
1631.59	2.62	34.522	0.95
1628.44	2.626	34.519	0.94
1625.29	2.632	34.519	0.93
1622.23	2.634	34.52	0.93
1619.28	2.636	34.519	0.93
1616.13	2.64	34.519	0.93
1612.97	2.644	34.519	0.92
1611.1	2.646	34.52	0.92
1608.54	2.649	34.518	0.92
1604.5	2.649	34.518	0.92
1600.76	2.65	34.518	0.91
1597.51	2.653	34.518	0.91
1594.06	2.656	34.517	0.91
1590.32	2.667	34.514	0.9
1586.77	2.675	34.515	0.89
1583.91	2.677	34.515	0.89
1580.96	2.678	34.515	0.88
1578.1	2.68	34.514	0.89
1575.15	2.682	34.514	0.89
1571.89	2.687	34.513	0.88
1569.63	2.689	34.513	0.88
1569.23	2.689	34.515	0.88
1568.55	2.69	34.514	0.87
1568.35	2.69	34.515	0.87
1568.55	2.692	34.513	0.87
1568.15	2.691	34.514	0.87
1566.57	2.691	34.514	0.87
1564.41	2.691	34.515	0.87
1564.21	2.695	34.516	0.87
1565	2.697	34.514	0.87
1564.8	2.698	34.514	0.87
1564.21	2.698	34.514	0.87
1564.11	2.698	34.513	0.87
1564.41	2.695	34.514	0.87
1564.7	2.697	34.514	0.87
1564.6	2.696	34.514	0.87
1563.72	2.697	34.514	0.87
1562.44	2.696	34.515	0.87
1562.24	2.698	34.516	0.87
1562.04	2.699	34.513	0.87
1561.94	2.702	34.515	0.87
1561.94	2.721	34.505	0.87
1562.44	2.707	34.516	0.87
1562.83	2.706	34.511	0.87
1563.32	2.701	34.513	0.87
1564.01	2.699	34.515	0.87
1564.41	2.697	34.515	0.87
1565.29	2.691	34.514	0.87
1565.79	2.689	34.516	0.88
1566.18	2.69	34.516	0.87
1566.48	2.689	34.515	0.88
1566.67	2.689	34.515	0.87
1567.07	2.688	34.516	0.87
1567.17	2.689	34.516	0.88
1567.26	2.69	34.515	0.87
1567.36	2.69	34.516	0.88
1567.26	2.69	34.515	0.88
1567.26	2.691	34.514	0.88
1567.17	2.693	34.513	0.88
1567.17	2.691	34.514	0.88
1567.07	2.692	34.515	0.88
1566.97	2.693	34.514	0.88
1566.97	2.694	34.513	0.89
1566.97	2.693	34.515	0.88
1567.07	2.694	34.513	0.88
1566.87	2.699	34.509	0.88
1566.97	2.753	34.464	0.88
1566.97	2.754	34.468	0.87
1566.97	2.713	34.495	0.88
1566.77	2.704	34.509	0.87
1566.87	2.71	34.517	0.88
1566.97	2.707	34.512	0.88
1566.97	2.712	34.511	0.88
1566.87	2.713	34.515	0.87
1566.77	2.726	34.509	0.88
1566.77	2.729	34.53	0.88
1566.77	2.755	34.5	0.87
1566.67	2.748	34.506	0.87
1566.57	2.737	34.505	0.87
1566.48	2.736	34.516	0.88
1566.57	2.727	34.544	0.88
1566.67	2.748	34.502	0.87
1566.67	2.733	34.502	0.87
1566.87	2.719	34.503	0.88
1567.17	2.73	34.496	0.88
1567.46	2.707	34.519	0.87
1567.66	2.703	34.511	0.88
1567.66	2.693	34.517	0.88
1567.95	2.702	34.506	0.88
1567.86	2.691	34.515	0.87
1567.46	2.692	34.516	0.87
1566.67	2.695	34.513	0.87
1564.9	2.695	34.514	0.87
1562.93	2.701	34.512	0.87
1562.34	2.703	34.513	0.86
1563.52	2.698	34.513	0.87
1562.63	2.7	34.515	0.87
1560.86	2.704	34.514	0.87
1560.37	2.704	34.513	0.87
1559.68	2.706	34.514	0.86
1559.28	2.705	34.514	0.87
1557.71	2.704	34.515	0.87
1555.44	2.716	34.512	0.86
1553.37	2.721	34.512	0.86
1551.11	2.722	34.511	0.86
1549.53	2.723	34.513	0.86
1547.16	2.724	34.512	0.85
1544.31	2.726	34.511	0.85
1542.24	2.729	34.512	0.86
1540.46	2.733	34.513	0.85
1538.59	2.741	34.511	0.85
1536.52	2.747	34.512	0.85
1534.75	2.748	34.512	0.85
1533.07	2.75	34.511	0.85
1531.1	2.754	34.509	0.85
1529.23	2.759	34.509	0.84
1527.95	2.764	34.51	0.84
1527.36	2.766	34.509	0.84
1527.06	2.767	34.509	0.84
1526.57	2.767	34.51	0.84
1526.27	2.768	34.509	0.84
1526.37	2.772	34.512	0.84
1526.27	2.772	34.511	0.84
1526.08	2.772	34.51	0.84
1525.58	2.773	34.509	0.84
1525.29	2.772	34.51	0.84
1524.6	2.77	34.512	0.84
1524.11	2.772	34.508	0.83
1523.71	2.774	34.508	0.84
1523.22	2.775	34.511	0.84
1522.53	2.775	34.512	0.84
1521.94	2.778	34.508	0.83
1521.25	2.776	34.509	0.83
1520.76	2.779	34.507	0.83
1520.16	2.779	34.509	0.83
1519.28	2.779	34.511	0.83
1518.49	2.78	34.509	0.83
1517.9	2.781	34.516	0.83
1517.31	2.784	34.509	0.83
1516.91	2.787	34.509	0.83
1516.52	2.788	34.507	0.83
1516.03	2.788	34.509	0.83
1515.34	2.786	34.511	0.83
1514.74	2.789	34.509	0.83
1513.86	2.793	34.508	0.83
1513.17	2.793	34.508	0.84
1512.38	2.795	34.507	0.83
1511.49	2.793	34.509	0.83
1510.7	2.797	34.506	0.83
1509.42	2.801	34.509	0.83
1508.44	2.803	34.504	0.84
1507.35	2.802	34.507	0.84
1507.26	2.8	34.508	0.84
1506.96	2.799	34.51	0.84
1506.66	2.8	34.51	0.84
1506.17	2.802	34.508	0.84
1505.48	2.803	34.509	0.84
1505.19	2.804	34.509	0.84
1505.68	2.807	34.506	0.84
1505.68	2.812	34.509	0.83
1504.89	2.817	34.509	0.82
1503.9	2.818	34.509	0.82
1502.82	2.818	34.509	0.83
1501.34	2.819	34.509	0.83
1499.37	2.822	34.508	0.83
1497.4	2.823	34.509	0.83
1495.43	2.824	34.508	0.83
1493.56	2.826	34.506	0.82
1491.49	2.829	34.506	0.82
1489.81	2.831	34.506	0.81
1489.32	2.831	34.505	0.81
1489.52	2.831	34.506	0.81
1489.42	2.834	34.505	0.81
1489.42	2.831	34.505	0.81
1489.02	2.832	34.507	0.82
1489.12	2.84	34.507	0.81
1488.92	2.845	34.503	0.81
1488.33	2.834	34.506	0.81
1486.95	2.831	34.506	0.81
1486.07	2.833	34.507	0.81
1484.69	2.833	34.506	0.81
1483.7	2.834	34.505	0.81
1482.42	2.839	34.505	0.81
1480.94	2.841	34.506	0.81
1479.36	2.842	34.506	0.81
1477.59	2.842	34.506	0.8
1475.81	2.846	34.505	0.8
1474.14	2.847	34.506	0.8
1472.46	2.848	34.505	0.8
1470.79	2.85	34.504	0.8
1469.11	2.854	34.505	0.8
1467.14	2.856	34.504	0.8
1465.07	2.859	34.504	0.8
1463	2.861	34.504	0.79
1461.23	2.864	34.504	0.79
1459.45	2.866	34.503	0.79
1457.78	2.867	34.502	0.79
1455.9	2.868	34.503	0.79
1454.03	2.869	34.502	0.78
1451.86	2.874	34.501	0.78
1449.79	2.878	34.501	0.78
1447.72	2.882	34.499	0.77
1446.14	2.883	34.499	0.77
1445.26	2.882	34.502	0.77
1443.09	2.884	34.499	0.77
1441.91	2.885	34.501	0.77
1441.31	2.892	34.497	0.77
1441.12	2.898	34.497	0.77
1440.43	2.893	34.499	0.77
1440.13	2.886	34.503	0.77
1439.54	2.886	34.503	0.77
1438.75	2.89	34.499	0.77
1438.06	2.893	34.499	0.76
1436.88	2.894	34.499	0.76
1435.6	2.894	34.499	0.76
1434.71	2.896	34.5	0.76
1434.02	2.897	34.499	0.76
1433.43	2.896	34.499	0.76
1432.54	2.896	34.501	0.76
1431.36	2.897	34.5	0.76
1430.67	2.898	34.499	0.76
1429.78	2.902	34.498	0.76
1428.69	2.903	34.498	0.75
1427.22	2.903	34.498	0.75
1426.03	2.907	34.497	0.75
1425.44	2.914	34.496	0.75
1425.34	2.915	34.497	0.75
1424.85	2.916	34.495	0.75
1424.26	2.917	34.497	0.75
1423.86	2.918	34.496	0.75
1423.67	2.919	34.495	0.75
1423.27	2.917	34.496	0.75
1422.19	2.92	34.495	0.75
1422.09	2.918	34.496	0.75
1421.6	2.918	34.498	0.75
1421.6	2.919	34.497	0.75
1421.1	2.915	34.498	0.74
1420.51	2.923	34.495	0.75
1420.51	2.916	34.497	0.75
1420.51	2.914	34.497	0.75
1420.51	2.911	34.499	0.75
1420.22	2.913	34.497	0.75
1419.53	2.914	34.496	0.75
1418.93	2.915	34.495	0.75
1418.54	2.916	34.496	0.75
1418.24	2.919	34.497	0.75
1418.93	2.914	34.496	0.74
1417.65	2.917	34.496	0.74
1416.47	2.921	34.496	0.75
1415.09	2.922	34.496	0.75
1412.92	2.925	34.496	0.74
1411.74	2.927	34.496	0.74
1411.84	2.926	34.497	0.74
1411.34	2.927	34.497	0.74
1409.77	2.929	34.495	0.74
1408.78	2.93	34.496	0.74
1407.6	2.931	34.496	0.74
1406.41	2.937	34.496	0.74
1404.64	2.94	34.496	0.74
1402.86	2.948	34.495	0.74
1401.68	2.95	34.494	0.73
1400.99	2.951	34.495	0.73
1399.61	2.95	34.496	0.73
1398.52	2.951	34.495	0.73
1398.62	2.951	34.494	0.73
1397.34	2.954	34.493	0.73
1395.27	2.957	34.494	0.73
1393.2	2.961	34.492	0.73
1391.03	2.968	34.49	0.73
1388.96	2.973	34.491	0.72
1386.99	2.981	34.489	0.72
1385.21	2.982	34.493	0.71
1383.54	2.985	34.494	0.71
1382.45	2.985	34.492	0.71
1381.37	2.986	34.492	0.71
1380.28	2.989	34.492	0.71
1379	2.99	34.491	0.71
1377.72	2.991	34.492	0.71
1376.04	2.991	34.492	0.71
1374.27	2.992	34.491	0.71
1372.79	2.993	34.491	0.71
1371.51	2.995	34.491	0.71
1371.7	2.996	34.491	0.71
1371.9	2.999	34.49	0.7
1371.6	2.997	34.491	0.71
1371.41	3.002	34.488	0.71
1371.51	2.995	34.493	0.71
1371.51	2.995	34.491	0.71
1372.29	2.994	34.491	0.71
1371.41	2.993	34.492	0.71
1371.6	2.993	34.491	0.71
1373.08	2.992	34.49	0.71
1372.99	2.993	34.492	0.71
1371.8	2.991	34.492	0.71
1370.82	2.993	34.492	0.71
1369.83	2.994	34.492	0.71
1368.84	3.002	34.49	0.71
1367.76	3.007	34.49	0.7
1366.58	3.01	34.488	0.7
1365.98	3.012	34.489	0.7
1365.1	3.013	34.489	0.7
1364.41	3.013	34.49	0.7
1363.12	3.016	34.489	0.7
1361.94	3.019	34.488	0.7
1360.86	3.019	34.489	0.7
1359.47	3.02	34.489	0.69
1357.3	3.026	34.488	0.69
1355.63	3.028	34.487	0.69
1354.15	3.03	34.487	0.69
1352.28	3.03	34.488	0.69
1350.6	3.034	34.488	0.69
1348.72	3.039	34.487	0.69
1346.95	3.046	34.487	0.69
1345.57	3.048	34.487	0.68
1344.39	3.048	34.487	0.69
1343.3	3.047	34.488	0.69
1342.71	3.048	34.487	0.69
1342.12	3.048	34.488	0.68
1341.82	3.048	34.488	0.68
1341.52	3.05	34.487	0.68
1341.52	3.05	34.487	0.69
1340.54	3.05	34.487	0.68
1339.85	3.052	34.49	0.68
1339.45	3.057	34.483	0.68
1339.16	3.052	34.488	0.68
1339.26	3.051	34.486	0.68
1338.86	3.052	34.488	0.68
1339.55	3.052	34.488	0.68
1340.05	3.053	34.487	0.68
1340.64	3.054	34.486	0.68
1340.24	3.049	34.487	0.68
1339.45	3.049	34.488	0.68
1338.47	3.052	34.486	0.68
1337.68	3.054	34.486	0.68
1336.89	3.057	34.485	0.68
1336.2	3.057	34.485	0.68
1336	3.058	34.485	0.67
1335.8	3.058	34.485	0.67
1335.21	3.058	34.486	0.68
1334.82	3.066	34.488	0.67
1334.92	3.068	34.485	0.67
1334.72	3.057	34.489	0.67
1334.82	3.055	34.49	0.67
1334.82	3.058	34.486	0.67
1335.21	3.059	34.485	0.67
1335.41	3.057	34.486	0.67
1335.41	3.057	34.486	0.67
1334.92	3.057	34.487	0.67
1334.32	3.057	34.485	0.67
1333.63	3.055	34.485	0.67
1332.75	3.057	34.484	0.68
1332.06	3.057	34.485	0.67
1330.08	3.062	34.486	0.67
1328.41	3.064	34.484	0.67
1326.83	3.066	34.485	0.67
1324.95	3.071	34.483	0.66
1323.87	3.073	34.484	0.66
1321.3	3.074	34.484	0.66
1319.13	3.074	34.484	0.66
1317.56	3.074	34.484	0.66
1315.98	3.075	34.483	0.66
1315.98	3.076	34.486	0.66
1314.1	3.075	34.486	0.66
1313.22	3.081	34.483	0.66
1312.82	3.081	34.484	0.66
1311.74	3.083	34.483	0.66
1310.65	3.083	34.483	0.66
1308.78	3.083	34.483	0.66
1306.9	3.084	34.483	0.66
1304.73	3.086	34.484	0.66
1304.34	3.09	34.481	0.65
1304.54	3.092	34.481	0.65
1304.63	3.093	34.482	0.65
1305.23	3.092	34.486	0.65
1305.13	3.088	34.482	0.65
1304.63	3.088	34.482	0.66
1304.04	3.095	34.486	0.66
1303.65	3.1	34.488	0.65
1302.37	3.097	34.483	0.65
1300.59	3.102	34.482	0.65
1298.62	3.106	34.481	0.65
1296.64	3.113	34.479	0.65
1294.77	3.126	34.478	0.65
1292.6	3.133	34.479	0.65
1291.12	3.136	34.481	0.64
1289.24	3.14	34.481	0.64
1287.67	3.146	34.481	0.64
1286.19	3.147	34.48	0.64
1284.11	3.149	34.481	0.64
1282.34	3.152	34.48	0.64
1280.37	3.154	34.479	0.64
1279.68	3.156	34.478	0.64
1280.46	3.157	34.479	0.63
1280.46	3.158	34.478	0.63
1280.27	3.157	34.48	0.64
1279.38	3.158	34.479	0.64
1278	3.16	34.479	0.64
1276.12	3.164	34.478	0.64
1274.15	3.169	34.479	0.63
1272.08	3.173	34.478	0.63
1270.01	3.174	34.478	0.63
1267.64	3.175	34.477	0.63
1265.47	3.181	34.476	0.63
1263	3.19	34.475	0.62
1261.13	3.192	34.475	0.61
1259.15	3.194	34.475	0.61
1257.48	3.216	34.473	0.61
1256	3.222	34.472	0.6
1254.32	3.226	34.472	0.6
1252.74	3.228	34.472	0.6
1250.87	3.231	34.471	0.6
1248.79	3.236	34.471	0.59
1246.52	3.244	34.471	0.59
1244.25	3.249	34.468	0.59
1242.68	3.251	34.468	0.59
1241.1	3.251	34.469	0.58
1239.32	3.256	34.469	0.58
1237.54	3.255	34.471	0.58
1235.57	3.256	34.471	0.58
1233.7	3.259	34.47	0.58
1231.62	3.267	34.465	0.58
1229.35	3.278	34.464	0.58
1227.28	3.284	34.467	0.58
1224.81	3.29	34.465	0.58
1221.85	3.294	34.465	0.57
1218.7	3.302	34.462	0.57
1215.34	3.309	34.461	0.56
1211.98	3.317	34.461	0.56
1208.23	3.321	34.459	0.55
1204.58	3.329	34.455	0.55
1200.73	3.339	34.453	0.55
1196.69	3.35	34.455	0.55
1192.64	3.363	34.449	0.54
1188.89	3.369	34.451	0.54
1184.74	3.376	34.452	0.54
1180.7	3.395	34.45	0.53
1177.05	3.408	34.455	0.53
1173.2	3.413	34.455	0.52
1169.15	3.426	34.451	0.52
1165	3.443	34.45	0.51
1160.96	3.46	34.452	0.51
1156.61	3.478	34.448	0.5
1152.76	3.495	34.446	0.5
1148.32	3.512	34.446	0.49
1143.88	3.526	34.446	0.48
1139.14	3.545	34.443	0.48
1134.6	3.563	34.444	0.47
1130.55	3.585	34.443	0.47
1126.4	3.601	34.442	0.46
1123.14	3.604	34.442	0.45
1120.58	3.618	34.441	0.46
1117.42	3.621	34.441	0.45
1113.77	3.626	34.441	0.45
1110.51	3.639	34.439	0.45
1107.35	3.665	34.438	0.44
1104.09	3.69	34.435	0.43
1100.93	3.693	34.435	0.43
1097.77	3.693	34.434	0.42
1094.51	3.702	34.432	0.42
1090.86	3.732	34.427	0.42
1086.91	3.739	34.429	0.41
1082.66	3.739	34.43	0.41
1078.02	3.74	34.43	0.41
1073.48	3.74	34.43	0.41
1068.74	3.74	34.43	0.41
1064.29	3.757	34.424	0.41
1059.65	3.779	34.426	0.4
1055.9	3.822	34.422	0.4
1052.93	3.835	34.422	0.39
1049.48	3.839	34.422	0.39
1045.82	3.849	34.421	0.38
1042.37	3.857	34.42	0.38
1038.81	3.867	34.419	0.38
1035.06	3.874	34.419	0.38
1031.7	3.886	34.418	0.37
1027.75	3.895	34.417	0.37
1023.8	3.912	34.414	0.37
1020.04	3.94	34.413	0.36
1015.99	3.961	34.411	0.36
1011.75	3.973	34.41	0.35
1007.3	3.975	34.41	0.35
1002.95	3.977	34.41	0.35
998.41	3.983	34.408	0.35
993.67	3.994	34.407	0.35
989.22	4.009	34.407	0.34
984.97	4.02	34.405	0.34
980.82	4.029	34.405	0.33
977.56	4.039	34.406	0.33
974.9	4.045	34.404	0.33
972.92	4.046	34.404	0.33
973.41	4.046	34.404	0.33
974.11	4.045	34.405	0.33
973.81	4.046	34.405	0.33
974.01	4.047	34.405	0.33
973.32	4.047	34.405	0.33
972.92	4.047	34.406	0.33
972.82	4.064	34.4	0.33
972.92	4.048	34.408	0.33
972.82	4.048	34.407	0.33
972.62	4.048	34.406	0.33
972.92	4.05	34.409	0.33
972.72	4.047	34.405	0.33
973.02	4.049	34.404	0.33
973.12	4.051	34.405	0.33
973.22	4.047	34.407	0.33
972.62	4.048	34.405	0.33
971.83	4.05	34.403	0.33
969.86	4.055	34.402	0.33
967.29	4.062	34.402	0.33
964.13	4.076	34.401	0.32
960.77	4.087	34.4	0.32
957.41	4.091	34.4	0.32
954.54	4.094	34.4	0.32
951.68	4.099	34.4	0.32
949.01	4.107	34.398	0.32
945.94	4.118	34.397	0.31
944.36	4.121	34.397	0.31
944.07	4.121	34.396	0.31
941.79	4.126	34.397	0.31
938.83	4.134	34.396	0.31
936.75	4.142	34.397	0.31
936.66	4.144	34.396	0.3
935.96	4.143	34.396	0.3
936.06	4.143	34.397	0.3
935.17	4.146	34.395	0.3
935.27	4.147	34.395	0.3
934.48	4.152	34.395	0.3
933.2	4.156	34.394	0.3
932.51	4.156	34.394	0.3
932.11	4.158	34.394	0.3
932.31	4.156	34.396	0.3
932.31	4.158	34.395	0.3
932.01	4.16	34.395	0.3
931.22	4.16	34.395	0.3
930.43	4.164	34.393	0.3
930.33	4.162	34.396	0.3
930.03	4.164	34.391	0.3
929.94	4.164	34.394	0.3
929.64	4.164	34.394	0.3
929.15	4.166	34.393	0.3
929.05	4.17	34.391	0.3
929.15	4.169	34.393	0.3
929.15	4.168	34.395	0.3
928.85	4.168	34.393	0.3
927.27	4.178	34.39	0.3
925.29	4.193	34.389	0.3
924.2	4.194	34.391	0.29
924.11	4.195	34.391	0.29
924.3	4.193	34.391	0.29
924.9	4.193	34.39	0.29
924.6	4.195	34.39	0.29
923.41	4.194	34.391	0.29
921.34	4.202	34.389	0.29
920.25	4.209	34.388	0.29
920.25	4.209	34.39	0.29
921.24	4.209	34.389	0.29
921.34	4.209	34.39	0.29
921.24	4.209	34.39	0.29
921.14	4.21	34.389	0.29
921.24	4.211	34.39	0.29
921.24	4.216	34.392	0.29
921.14	4.214	34.39	0.29
921.04	4.212	34.389	0.29
921.14	4.21	34.39	0.29
921.04	4.21	34.39	0.29
920.84	4.21	34.39	0.29
920.65	4.213	34.389	0.29
920.25	4.213	34.39	0.29
920.25	4.213	34.389	0.29
919.76	4.212	34.389	0.29
919.76	4.214	34.388	0.29
919.86	4.212	34.39	0.29
920.05	4.218	34.388	0.29
919.16	4.211	34.39	0.29
919.66	4.211	34.39	0.29
920.65	4.212	34.39	0.29
920.55	4.21	34.39	0.29
920.45	4.21	34.39	0.29
919.95	4.211	34.389	0.29
920.15	4.212	34.389	0.29
920.25	4.222	34.397	0.29
920.75	4.211	34.388	0.29
920.75	4.212	34.387	0.29
920.35	4.212	34.389	0.29
919.26	4.211	34.389	0.29
917.19	4.215	34.387	0.29
914.62	4.22	34.387	0.29
912.34	4.222	34.387	0.29
909.87	4.231	34.386	0.28
906.91	4.252	34.385	0.29
903.35	4.26	34.388	0.29
899.4	4.264	34.388	0.29
895.84	4.287	34.383	0.29
891.98	4.315	34.378	0.29
888.13	4.331	34.38	0.28
884.37	4.343	34.376	0.28
880.32	4.366	34.373	0.28
876.27	4.388	34.372	0.27
871.92	4.398	34.373	0.27
867.77	4.402	34.373	0.27
863.71	4.424	34.372	0.27
859.86	4.449	34.369	0.26
856.4	4.459	34.369	0.26
853.24	4.463	34.369	0.26
850.07	4.465	34.368	0.26
846.81	4.467	34.368	0.26
843.35	4.47	34.368	0.26
839.79	4.476	34.367	0.26
836.33	4.48	34.366	0.26
832.57	4.481	34.364	0.25
828.82	4.495	34.361	0.25
824.86	4.507	34.361	0.24
820.81	4.516	34.359	0.24
816.75	4.524	34.357	0.24
812.5	4.529	34.355	0.24
808.25	4.53	34.354	0.24
803.31	4.531	34.354	0.23
798.86	4.544	34.352	0.23
794.01	4.553	34.349	0.23
788.97	4.562	34.346	0.22
783.73	4.585	34.337	0.23
777.99	4.617	34.334	0.23
771.96	4.677	34.326	0.23
765.73	4.706	34.327	0.22
760.19	4.717	34.331	0.22
754.15	4.737	34.323	0.22
747.73	4.763	34.315	0.22
741.49	4.799	34.312	0.22
735.16	4.817	34.315	0.21
728.73	4.832	34.317	0.21
722.5	4.853	34.306	0.21
716.86	4.89	34.292	0.21
710.33	4.906	34.306	0.21
703.9	4.927	34.303	0.21
697.67	4.951	34.299	0.21
691.24	4.971	34.3	0.21
685.2	4.998	34.29	0.21
679.27	5.041	34.279	0.21
673.03	5.079	34.276	0.21
666.8	5.096	34.286	0.22
661.06	5.12	34.28	0.22
654.83	5.143	34.276	0.22
648.49	5.164	34.277	0.22
642.26	5.186	34.27	0.22
636.12	5.217	34.262	0.22
629.69	5.227	34.27	0.23
623.36	5.262	34.255	0.23
617.12	5.29	34.251	0.23
610.99	5.321	34.247	0.24
605.05	5.344	34.243	0.24
598.71	5.375	34.241	0.25
592.38	5.402	34.24	0.25
585.45	5.453	34.227	0.26
579.11	5.495	34.218	0.26
572.38	5.535	34.221	0.27
565.75	5.569	34.218	0.28
559.41	5.626	34.235	0.29
553.97	5.673	34.228	0.3
549.12	5.735	34.233	0.3
543.87	5.77	34.233	0.31
539.02	5.792	34.231	0.32
534.17	5.811	34.228	0.32
529.22	5.832	34.227	0.33
524.17	5.843	34.226	0.33
519.12	5.865	34.224	0.34
514.46	5.884	34.223	0.34
509.51	5.903	34.219	0.34
505.06	5.956	34.215	0.35
500.2	6.002	34.206	0.37
495.45	6.027	34.193	0.37
490.5	6.054	34.192	0.38
485.25	6.071	34.197	0.39
480.3	6.09	34.199	0.4
475.35	6.113	34.198	0.4
470.3	6.13	34.197	0.41
465.34	6.15	34.203	0.41
460.79	6.169	34.199	0.41
456.23	6.194	34.199	0.42
452.17	6.232	34.195	0.43
449.1	6.245	34.2	0.44
445.83	6.272	34.2	0.44
442.36	6.299	34.197	0.45
439.39	6.322	34.197	0.46
438.9	6.328	34.197	0.46
437.81	6.332	34.193	0.46
436.82	6.33	34.195	0.46
436.22	6.333	34.195	0.46
435.83	6.345	34.199	0.46
435.13	6.358	34.194	0.46
434.93	6.357	34.194	0.46
434.44	6.361	34.198	0.46
433.15	6.372	34.202	0.46
432.56	6.375	34.195	0.46
433.15	6.375	34.2	0.46
432.46	6.376	34.199	0.46
431.37	6.382	34.204	0.46
431.07	6.391	34.206	0.46
430.87	6.409	34.199	0.46
430.67	6.402	34.2	0.46
429.98	6.407	34.195	0.46
429.88	6.41	34.201	0.45
428.99	6.419	34.199	0.45
428.79	6.429	34.203	0.46
428	6.431	34.211	0.45
428.59	6.413	34.202	0.46
428.3	6.414	34.193	0.46
427.8	6.424	34.206	0.46
428.3	6.429	34.198	0.46
428.89	6.408	34.201	0.46
428.5	6.403	34.201	0.46
427.5	6.424	34.2	0.46
427.41	6.425	34.201	0.46
426.61	6.421	34.206	0.46
426.51	6.423	34.204	0.46
426.32	6.417	34.204	0.46
425.72	6.423	34.2	0.46
425.52	6.427	34.205	0.46
424.63	6.433	34.199	0.46
424.14	6.436	34.2	0.46
422.95	6.435	34.197	0.46
419.38	6.434	34.199	0.46
414.63	6.432	34.198	0.46
409.77	6.428	34.193	0.47
404.52	6.476	34.176	0.49
399.47	6.514	34.179	0.51
394.02	6.545	34.182	0.52
389.06	6.578	34.177	0.53
383.52	6.664	34.161	0.53
377.67	6.77	34.152	0.55
371.72	6.825	34.174	0.57
365.58	6.836	34.183	0.58
359.64	6.893	34.171	0.6
353.59	6.943	34.155	0.65
347.94	6.969	34.159	0.7
341.6	6.991	34.157	0.71
335.55	7.034	34.151	0.71
329.21	7.069	34.152	0.74
323.07	7.105	34.151	0.75
317.12	7.133	34.143	0.77
310.97	7.152	34.133	0.82
304.93	7.25	34.131	0.83
298.78	7.288	34.131	0.81
292.64	7.351	34.127	0.81
286.39	7.422	34.138	0.82
279.75	7.474	34.117	0.84
273.11	7.534	34.118	0.9
266.66	7.526	34.113	0.97
260.32	7.585	34.104	1.05
254.57	7.637	34.077	1.11
248.12	7.672	34.084	1.16
242.17	7.724	34.069	1.2
236.42	7.893	34.02	1.21
230.27	7.974	34.069	1.2
224.13	8.044	34.08	1.19
217.68	8.105	34.07	1.19
210.64	8.204	34.093	1.21
204	8.309	34.077	1.21
197.25	8.337	34.097	1.21
190.61	8.37	34.099	1.23
184.16	8.427	34.087	1.23
178.31	8.514	34.065	1.23
171.76	8.599	34.072	1.24
165.12	8.7	34.031	1.26
158.77	8.764	34.033	1.28
152.32	8.883	34.042	1.3
145.58	8.96	34.036	1.35
138.93	9.015	34.026	1.39
133.08	9.001	34.033	1.46
126.83	8.957	34.028	1.57
120.48	8.988	33.982	1.68
115.02	9.059	33.934	1.73
109.56	9.047	33.93	1.88
103.91	9.117	33.873	1.97
97.66	9.368	33.833	1.94
91.11	9.498	33.869	1.83
84.66	9.585	33.859	1.82
78.8	9.614	33.819	1.92
72.26	9.658	33.793	2.03
65.61	9.658	33.766	2.12
58.66	9.732	33.722	2.2
52.61	9.878	33.684	2.35
46.35	10.126	33.606	2.47
40.7	10.356	33.526	2.64
36.92	10.476	33.521	2.78
36.53	10.481	33.52	2.73
37.92	10.472	33.525	2.68
38.12	10.467	33.526	2.71
38.31	10.466	33.527	2.76
38.51	10.462	33.528	2.76
38.51	10.465	33.527	2.75
38.51	10.467	33.527	2.76
38.31	10.468	33.527	2.77
38.41	10.47	33.527	2.79
38.61	10.471	33.525	2.79
39.01	10.47	33.525	2.78
38.71	10.469	33.527	2.85
37.12	10.477	33.524	2.87
34.84	10.497	33.517	2.9
32.36	10.581	33.481	2.91
30.37	10.79	33.407	3.07
28.09	11.098	33.306	3.15
25.51	11.278	33.271	3.1
22.63	11.698	33.001	3.04
18.76	11.917	32.803	3.38
14.89	12.068	32.715	3.95
13	12.076	32.71	4.35
11.91	12.076	32.711	4.41
