2.18	12.652	33.539	6.2
2.08	12.675	33.536	6.31
3.47	12.637	33.491	6.85
8.04	11.689	33.586	6.4
11.12	11.361	33.608	5.78
11.02	11.378	33.606	5.76
14.39	11.118	33.601	5.55
17.17	10.947	33.62	5.14
20.15	10.796	33.619	4.81
21.94	10.756	33.615	4.7
24.22	10.71	33.604	4.63
24.82	10.682	33.602	4.57
26.4	10.639	33.595	4.52
28.39	10.575	33.59	4.43
29.38	10.539	33.59	4.36
27.5	10.589	33.593	4.38
25.91	10.641	33.596	4.49
27.69	10.587	33.593	4.44
29.58	10.544	33.591	4.38
31.96	10.416	33.577	4.25
34.44	10.301	33.592	4.03
36.23	10.229	33.588	3.92
38.31	10.207	33.595	3.86
40.2	10.178	33.61	3.79
42.19	10.156	33.64	3.72
42.19	10.151	33.637	3.7
44.96	10.062	33.641	3.61
49.63	9.94	33.642	3.5
53.2	9.863	33.64	3.47
55.48	9.823	33.643	3.43
54.89	9.829	33.643	3.4
54.79	9.837	33.643	3.43
54.59	9.83	33.645	3.42
53.3	9.844	33.642	3.43
52.01	9.871	33.64	3.47
51.02	9.88	33.642	3.48
50.72	9.882	33.642	3.48
56.38	9.753	33.653	3.37
64.61	9.521	33.679	3.05
71.96	9.294	33.696	2.7
77.71	9.168	33.734	2.53
83.57	9.023	33.767	2.31
89.52	8.952	33.795	2.17
95.38	8.908	33.82	2.09
100.93	8.896	33.825	2.07
106.89	8.807	33.841	2.14
113.53	8.692	33.846	2.23
120.08	8.611	33.857	2.18
123.65	8.567	33.859	2.14
126.73	8.56	33.862	2.15
132.28	8.565	33.873	2.12
138.83	8.592	33.901	1.94
146.07	8.56	33.922	1.82
153.02	8.552	33.932	1.76
156.09	8.555	33.938	1.71
160.65	8.536	33.967	1.54
165.42	8.528	33.98	1.42
169.38	8.53	33.983	1.38
174.24	8.533	33.985	1.35
179.8	8.501	33.989	1.33
187.63	8.476	33.992	1.3
195.67	8.434	33.997	1.27
203.4	8.412	33.997	1.25
212.62	8.399	33.996	1.25
222.44	8.361	33.993	1.25
232.26	8.232	33.985	1.3
241.97	8.101	33.978	1.3
250.6	8.044	33.982	1.28
259.03	7.982	33.98	1.26
267.55	7.945	33.979	1.25
274.69	7.898	33.978	1.23
282.23	7.826	33.989	1.19
288.47	7.787	33.99	1.17
294.52	7.761	33.99	1.16
302.05	7.714	33.988	1.13
310.97	7.632	33.989	1.1
320.29	7.521	33.999	1.05
323.07	7.519	33.995	1.03
327.62	7.475	34	1.02
329.71	7.478	34	1.01
329.61	7.466	34	1.01
328.52	7.456	34.001	1.01
330.3	7.452	34.002	1.01
329.41	7.451	34.001	1.01
329.9	7.453	34	1
330	7.453	34.001	1
328.12	7.454	34.001	1.01
329.51	7.448	34.002	1
329.9	7.446	34.002	1
329.71	7.447	34.001	1
329.51	7.449	34	1
329.51	7.447	34	1
328.71	7.451	34	1
327.82	7.455	34.001	1
327.33	7.456	34.002	1
326.14	7.453	34.001	1
327.23	7.454	34	1
329.61	7.447	34	1
334.56	7.42	34.002	1
339.52	7.409	34.002	0.99
345.17	7.339	33.999	0.97
352.2	7.254	33.999	0.94
358.64	7.217	34.004	0.91
365.38	7.204	34.003	0.91
372.12	7.161	34.005	0.89
378.46	7.125	34.007	0.88
381.24	7.133	34.004	0.87
382.43	7.099	34.008	0.86
384.01	7.092	34.012	0.86
385.89	7.099	34.01	0.86
387.68	7.074	34.016	0.85
389.56	7.055	34.017	0.84
391.94	7.043	34.017	0.84
393.92	7.035	34.013	0.83
396.2	7.018	34.014	0.83
398.38	6.991	34.016	0.82
400.56	6.977	34.011	0.83
402.64	6.955	34.007	0.83
404.62	6.907	34.004	0.83
406.7	6.815	33.992	0.84
409.08	6.742	33.995	0.85
410.96	6.664	33.978	0.86
413.14	6.628	33.978	0.86
415.42	6.608	33.982	0.87
417.6	6.57	33.982	0.85
419.88	6.547	33.989	0.83
422.06	6.52	33.938	0.82
424.14	6.504	33.92	0.8
426.12	6.503	33.978	0.8
428	6.5	33.987	0.8
430.28	6.492	33.992	0.78
432.56	6.49	33.997	0.77
434.64	6.49	33.997	0.75
436.52	6.493	33.997	0.74
438.1	6.492	34	0.74
440.18	6.499	34.003	0.72
441.37	6.505	34.002	0.71
442.07	6.504	34.005	0.71
443.75	6.503	34.004	0.72
443.75	6.503	34.004	0.72
444.15	6.505	34.005	0.71
444.74	6.506	34.003	0.71
444.54	6.506	34.005	0.71
448.31	6.501	34.007	0.71
454.84	6.5	34.007	0.71
463.06	6.504	34.012	0.69
470.89	6.404	34.024	0.64
478.52	6.33	34.029	0.6
486.93	6.274	34.035	0.56
495.35	6.226	34.042	0.53
501.49	6.206	34.043	0.5
501.99	6.213	34.044	0.51
501.1	6.208	34.039	0.5
500.9	6.207	34.04	0.5
501.29	6.206	34.039	0.5
503.47	6.188	34.047	0.49
507.33	6.155	34.05	0.48
512.28	6.127	34.05	0.46
520.21	6.103	34.051	0.45
529.22	6.062	34.053	0.44
537.73	5.997	34.056	0.42
541.3	6.031	34.058	0.42
542.09	6.013	34.053	0.42
542.58	5.997	34.058	0.42
545.26	5.985	34.052	0.41
545.45	5.979	34.059	0.41
545.36	5.98	34.052	0.41
544.66	5.986	34.049	0.41
544.17	5.985	34.053	0.41
544.96	5.98	34.057	0.41
547.83	5.963	34.054	0.41
552.09	5.91	34.061	0.4
556.54	5.893	34.06	0.39
557.14	5.892	34.06	0.39
559.81	5.867	34.066	0.38
565.26	5.812	34.066	0.37
570.4	5.775	34.066	0.35
576.74	5.7	34.07	0.34
581.79	5.684	34.074	0.33
584.06	5.686	34.07	0.32
585.35	5.686	34.073	0.32
584.76	5.684	34.071	0.32
585.35	5.684	34.075	0.32
587.83	5.685	34.079	0.32
591.59	5.648	34.077	0.31
595.94	5.599	34.088	0.3
600.1	5.579	34.096	0.28
604.06	5.574	34.095	0.27
608.12	5.572	34.098	0.27
612.17	5.564	34.103	0.27
615.64	5.54	34.107	0.25
615.74	5.547	34.11	0.25
616.13	5.541	34.113	0.25
616.13	5.538	34.111	0.25
615.94	5.537	34.113	0.24
615.54	5.543	34.111	0.24
615.74	5.537	34.114	0.24
619.89	5.514	34.117	0.24
622.47	5.493	34.115	0.23
623.66	5.484	34.121	0.23
625.04	5.475	34.124	0.23
625.93	5.476	34.118	0.23
625.83	5.484	34.111	0.23
625.83	5.486	34.114	0.23
625.93	5.479	34.116	0.23
625.54	5.478	34.123	0.23
626.43	5.479	34.112	0.23
626.72	5.475	34.113	0.23
628.41	5.459	34.119	0.23
629.89	5.444	34.122	0.23
631.57	5.431	34.122	0.22
633.55	5.41	34.131	0.22
636.42	5.397	34.128	0.22
639.39	5.387	34.124	0.22
642.46	5.382	34.127	0.22
644.73	5.375	34.126	0.22
646.91	5.365	34.131	0.22
649.29	5.33	34.124	0.21
651.07	5.273	34.132	0.21
653.44	5.262	34.138	0.21
655.42	5.259	34.137	0.2
655.72	5.261	34.141	0.2
655.52	5.263	34.135	0.2
656.02	5.26	34.134	0.2
657.6	5.247	34.138	0.2
660.17	5.216	34.138	0.2
663.73	5.192	34.139	0.2
666.21	5.187	34.144	0.2
666.21	5.187	34.136	0.2
666.7	5.188	34.136	0.19
666.7	5.197	34.13	0.2
666.9	5.198	34.132	0.2
666.9	5.194	34.135	0.19
666.5	5.192	34.139	0.2
666.11	5.192	34.134	0.2
665.81	5.194	34.135	0.19
665.42	5.193	34.132	0.19
664.92	5.192	34.135	0.2
663.93	5.192	34.135	0.2
663.93	5.192	34.137	0.19
663.63	5.194	34.138	0.2
663.44	5.193	34.136	0.2
663.14	5.189	34.139	0.2
662.74	5.194	34.135	0.2
662.84	5.191	34.136	0.2
662.84	5.192	34.133	0.2
663.63	5.183	34.139	0.2
664.43	5.181	34.137	0.2
666.31	5.183	34.139	0.2
669.08	5.177	34.134	0.2
672.74	5.163	34.136	0.2
673.63	5.151	34.141	0.19
674.12	5.143	34.138	0.19
675.51	5.137	34.141	0.19
675.9	5.139	34.144	0.19
676.4	5.14	34.139	0.19
676.99	5.14	34.136	0.19
677.78	5.141	34.139	0.19
678.38	5.14	34.141	0.19
679.27	5.135	34.143	0.19
679.57	5.136	34.141	0.19
681.64	5.134	34.147	0.19
682.34	5.134	34.139	0.19
682.63	5.137	34.138	0.19
682.73	5.134	34.143	0.19
682.04	5.128	34.141	0.19
682.63	5.127	34.146	0.19
683.82	5.123	34.142	0.19
683.92	5.122	34.142	0.19
683.92	5.123	34.141	0.19
685.8	5.116	34.146	0.19
687.68	5.108	34.145	0.19
689.26	5.104	34.146	0.19
692.23	5.1	34.146	0.19
695.4	5.084	34.146	0.19
698.26	5.074	34.151	0.19
701.03	5.06	34.15	0.19
703.8	5.053	34.152	0.19
706.87	5.042	34.152	0.18
710.14	5.033	34.16	0.18
712.91	5.027	34.157	0.19
716.67	5.017	34.162	0.19
720.42	4.999	34.161	0.19
723.89	4.993	34.166	0.19
727.05	4.987	34.163	0.19
730.32	4.986	34.163	0.18
734.77	4.981	34.163	0.18
738.72	4.969	34.166	0.18
742.78	4.952	34.163	0.18
746.34	4.891	34.164	0.17
749.31	4.875	34.167	0.17
752.87	4.855	34.167	0.17
757.32	4.814	34.172	0.17
760.39	4.802	34.171	0.17
763.15	4.799	34.174	0.17
765.92	4.787	34.173	0.18
768.3	4.763	34.175	0.17
769.68	4.761	34.175	0.17
771.36	4.758	34.175	0.17
773.14	4.756	34.174	0.17
776.51	4.749	34.176	0.17
779.57	4.748	34.179	0.18
782.44	4.745	34.182	0.18
785.7	4.732	34.183	0.18
789.16	4.713	34.187	0.18
791.93	4.704	34.187	0.18
794.11	4.697	34.188	0.19
797.17	4.69	34.19	0.19
800.54	4.688	34.19	0.19
803.9	4.662	34.195	0.19
807.36	4.654	34.194	0.19
812.01	4.647	34.196	0.19
816.55	4.641	34.196	0.19
819.22	4.635	34.196	0.19
821.99	4.623	34.197	0.19
825.45	4.612	34.198	0.19
829.31	4.581	34.202	0.2
832.57	4.568	34.2	0.2
835.64	4.55	34.201	0.2
839.2	4.525	34.205	0.2
842.76	4.516	34.205	0.2
844.44	4.516	34.206	0.2
847.2	4.511	34.204	0.2
850.27	4.501	34.205	0.2
854.03	4.496	34.205	0.2
859.56	4.483	34.207	0.2
864.9	4.473	34.207	0.2
870.44	4.456	34.208	0.2
876.07	4.412	34.215	0.21
881.9	4.385	34.217	0.21
887.54	4.363	34.217	0.21
893.27	4.347	34.221	0.22
899.4	4.334	34.221	0.22
905.82	4.326	34.223	0.23
911.95	4.32	34.224	0.22
915.9	4.32	34.222	0.23
920.15	4.319	34.221	0.23
923.61	4.302	34.225	0.23
927.47	4.292	34.225	0.24
932.6	4.269	34.228	0.24
938.83	4.252	34.23	0.24
945.25	4.248	34.228	0.25
951.38	4.236	34.233	0.25
957.51	4.234	34.234	0.25
963.63	4.211	34.233	0.26
969.76	4.176	34.24	0.27
975.98	4.145	34.241	0.28
982.01	4.13	34.244	0.28
988.04	4.117	34.244	0.29
993.86	4.114	34.245	0.29
999.5	4.071	34.248	0.29
1005.62	4.046	34.252	0.3
1011.84	4.018	34.255	0.3
1015.1	4.006	34.255	0.31
1013.52	4.005	34.256	0.31
1014.81	4.003	34.253	0.31
1015.8	3.998	34.256	0.31
1016.98	3.994	34.255	0.31
1017.18	3.994	34.253	0.31
1017.77	3.982	34.257	0.32
1017.67	3.984	34.258	0.31
1018.27	3.981	34.256	0.31
1019.35	3.981	34.257	0.32
1020.24	3.985	34.257	0.31
1021.53	3.974	34.255	0.32
1022.02	3.975	34.257	0.32
1022.22	3.978	34.254	0.32
1022.32	3.971	34.256	0.32
1022.81	3.974	34.257	0.32
1023.3	3.981	34.256	0.32
1023.11	3.976	34.257	0.32
1022.51	3.976	34.257	0.32
1021.72	3.977	34.261	0.32
1020.83	3.978	34.259	0.32
1020.64	3.979	34.26	0.32
1020.24	3.977	34.26	0.31
1019.25	3.972	34.259	0.32
1018.66	3.972	34.26	0.32
1017.77	3.985	34.255	0.32
1017.28	3.982	34.254	0.32
1016.88	3.99	34.256	0.31
1016.29	3.997	34.256	0.31
1015.89	4	34.256	0.31
1015.3	4.004	34.25	0.32
1015.1	4.004	34.252	0.31
1014.71	4.006	34.248	0.31
1014.31	4.002	34.244	0.32
1014.02	3.992	34.254	0.31
1015.8	3.971	34.26	0.32
1016.19	3.974	34.259	0.32
1017.97	3.975	34.259	0.32
1020.93	3.965	34.258	0.32
1024.88	3.962	34.261	0.32
1029.33	3.952	34.262	0.33
1033.77	3.933	34.263	0.34
1037.43	3.925	34.262	0.34
1040.29	3.918	34.262	0.34
1042.76	3.903	34.262	0.35
1045.92	3.896	34.263	0.35
1051.06	3.882	34.266	0.35
1053.63	3.881	34.266	0.36
1052.93	3.881	34.27	0.35
1053.43	3.882	34.262	0.35
1053.92	3.879	34.267	0.36
1054.42	3.879	34.266	0.36
1054.52	3.879	34.268	0.36
1055.21	3.871	34.266	0.36
1057.48	3.856	34.269	0.36
1060.14	3.848	34.27	0.36
1063.3	3.843	34.271	0.37
1066.17	3.841	34.269	0.37
1069.43	3.827	34.273	0.37
1072.29	3.816	34.272	0.38
1074.86	3.811	34.273	0.38
1077.62	3.794	34.276	0.38
1080.59	3.786	34.276	0.38
1085.13	3.766	34.278	0.39
1089.28	3.753	34.279	0.4
1093.23	3.751	34.28	0.4
1094.81	3.751	34.278	0.4
1095.89	3.75	34.282	0.4
1097.28	3.749	34.281	0.4
1098.36	3.738	34.282	0.4
1100.34	3.732	34.282	0.4
1100.53	3.733	34.281	0.4
1100.53	3.735	34.281	0.4
1100.63	3.736	34.28	0.4
1101.03	3.737	34.279	0.4
1101.23	3.736	34.279	0.4
1101.62	3.732	34.281	0.4
1102.11	3.729	34.281	0.4
1103.3	3.727	34.283	0.4
1105.77	3.72	34.283	0.41
1108.04	3.712	34.285	0.41
1110.41	3.707	34.284	0.41
1110.8	3.709	34.285	0.41
1110.7	3.715	34.28	0.41
1111.1	3.711	34.284	0.41
1110.51	3.716	34.283	0.41
1110.9	3.709	34.282	0.41
1112.28	3.702	34.284	0.41
1114.36	3.695	34.286	0.41
1116.04	3.693	34.284	0.42
1117.62	3.689	34.29	0.42
1119.49	3.683	34.289	0.42
1121.66	3.679	34.288	0.42
1122.85	3.673	34.286	0.43
1123.74	3.674	34.288	0.42
1124.43	3.671	34.287	0.43
1126.4	3.66	34.287	0.43
1128.48	3.654	34.291	0.43
1131.04	3.651	34.289	0.43
1134.1	3.64	34.291	0.44
1136.87	3.622	34.289	0.44
1137.16	3.617	34.291	0.45
1137.26	3.623	34.291	0.45
1136.97	3.623	34.293	0.45
1136.77	3.622	34.291	0.45
1136.67	3.627	34.291	0.45
1136.77	3.615	34.291	0.45
1136.57	3.616	34.293	0.45
1135.29	3.622	34.291	0.45
1134.7	3.623	34.291	0.45
1134.8	3.622	34.291	0.45
1134.7	3.625	34.291	0.45
1132.72	3.639	34.291	0.44
1129.76	3.649	34.29	0.44
1129.36	3.652	34.29	0.44
1130.25	3.654	34.289	0.43
1132.33	3.651	34.289	0.43
1134.01	3.644	34.289	0.44
1135.19	3.64	34.29	0.44
1136.08	3.612	34.295	0.45
1138.55	3.593	34.295	0.46
1142	3.592	34.296	0.46
1145.16	3.59	34.298	0.46
1148.22	3.589	34.298	0.46
1151.18	3.586	34.298	0.46
1153.75	3.585	34.295	0.47
1155.82	3.584	34.294	0.47
1158.29	3.583	34.297	0.47
1161.65	3.583	34.299	0.47
1164.41	3.577	34.295	0.47
1167.47	3.569	34.298	0.47
1170.93	3.544	34.3	0.48
1174.28	3.531	34.301	0.49
1177.05	3.522	34.301	0.49
1179.41	3.515	34.301	0.49
1181.29	3.504	34.303	0.5
1182.87	3.501	34.302	0.5
1184.55	3.498	34.304	0.5
1186.52	3.495	34.302	0.5
1187.51	3.492	34.3	0.51
1188.69	3.484	34.303	0.51
1190.17	3.471	34.312	0.51
1190.27	3.47	34.305	0.52
1191.85	3.461	34.307	0.52
1193.53	3.461	34.304	0.52
1193.23	3.462	34.303	0.52
1193.83	3.46	34.307	0.52
1194.42	3.447	34.309	0.53
1194.91	3.439	34.305	0.53
1194.02	3.439	34.308	0.53
1192.34	3.444	34.307	0.53
1191.06	3.453	34.305	0.53
1190.57	3.459	34.307	0.53
1189.98	3.464	34.303	0.52
1189.88	3.465	34.306	0.52
1189.88	3.463	34.307	0.52
1190.57	3.458	34.308	0.52
1192.05	3.453	34.307	0.52
1193.43	3.442	34.31	0.52
1195.6	3.423	34.309	0.53
1197.48	3.405	34.316	0.54
1199.65	3.38	34.315	0.55
1201.33	3.356	34.318	0.57
1202.41	3.353	34.315	0.58
1204.09	3.34	34.321	0.58
1205.96	3.33	34.322	0.59
1205.67	3.332	34.318	0.59
1205.47	3.333	34.316	0.59
1205.47	3.335	34.316	0.59
1205.18	3.337	34.315	0.59
1204.68	3.339	34.317	0.59
1204.88	3.333	34.32	0.59
1203.99	3.333	34.319	0.59
1203.1	3.337	34.318	0.59
1202.91	3.339	34.319	0.59
1202.51	3.348	34.318	0.59
1202.21	3.352	34.319	0.58
1202.51	3.358	34.314	0.58
1202.91	3.351	34.315	0.59
1202.91	3.343	34.318	0.59
1202.51	3.354	34.314	0.59
1203.4	3.351	34.317	0.58
1204.39	3.344	34.318	0.59
1204.98	3.341	34.318	0.59
1205.96	3.337	34.318	0.59
1208.23	3.324	34.318	0.59
1209.32	3.319	34.322	0.6
1211.29	3.315	34.32	0.6
1212.58	3.306	34.321	0.6
1213.07	3.297	34.322	0.61
1214.35	3.29	34.324	0.61
1216.23	3.275	34.326	0.62
1218.3	3.262	34.328	0.63
1219.78	3.258	34.327	0.64
1221.06	3.256	34.329	0.64
1223.24	3.249	34.327	0.64
1226.2	3.244	34.329	0.64
1229.06	3.238	34.327	0.64
1231.13	3.234	34.328	0.65
1232.51	3.234	34.328	0.65
1233.7	3.231	34.328	0.65
1235.08	3.228	34.327	0.65
1237.94	3.216	34.33	0.65
1240.31	3.212	34.33	0.66
1241.98	3.211	34.33	0.66
1243.96	3.21	34.332	0.66
1244.45	3.213	34.331	0.66
1245.83	3.212	34.328	0.66
1247.21	3.206	34.329	0.66
1247.71	3.198	34.33	0.67
1247.12	3.204	34.331	0.67
1248.6	3.204	34.332	0.67
1250.27	3.2	34.33	0.67
1250.37	3.203	34.331	0.67
1250.27	3.206	34.327	0.67
1249.88	3.211	34.332	0.67
1249.88	3.207	34.328	0.67
1249.68	3.204	34.33	0.67
1251.26	3.199	34.33	0.67
1253.43	3.198	34.331	0.67
1254.22	3.198	34.333	0.67
1255.31	3.2	34.33	0.67
1255.6	3.2	34.332	0.67
1257.48	3.196	34.334	0.67
1259.35	3.193	34.332	0.68
1260.53	3.188	34.33	0.68
1261.82	3.181	34.333	0.68
1263.1	3.18	34.33	0.68
1263.49	3.183	34.331	0.68
1264.09	3.18	34.333	0.68
1265.17	3.177	34.331	0.68
1267.15	3.173	34.335	0.69
1268.92	3.17	34.333	0.69
1270.89	3.169	34.333	0.69
1271.88	3.168	34.334	0.69
1271.68	3.17	34.334	0.69
1271.29	3.168	34.334	0.69
1273.46	3.167	34.334	0.69
1276.12	3.163	34.334	0.69
1278.49	3.15	34.335	0.7
1279.48	3.148	34.34	0.7
1281.16	3.146	34.334	0.7
1282.83	3.144	34.336	0.7
1284.81	3.141	34.336	0.7
1287.37	3.135	34.334	0.71
1287.07	3.134	34.337	0.71
1286.98	3.135	34.336	0.71
1287.47	3.13	34.339	0.71
1288.16	3.125	34.338	0.71
1288.85	3.125	34.336	0.71
1289.24	3.124	34.336	0.71
1289.84	3.121	34.339	0.71
1290.13	3.123	34.337	0.71
1290.13	3.123	34.337	0.71
1290.03	3.122	34.338	0.71
1291.22	3.119	34.337	0.71
1292.6	3.113	34.339	0.72
1293.98	3.099	34.344	0.73
1296.35	3.096	34.339	0.73
1297.43	3.092	34.34	0.73
1297.63	3.093	34.338	0.73
1297.63	3.092	34.34	0.73
1298.91	3.082	34.343	0.73
1301.08	3.081	34.339	0.72
1302.56	3.079	34.338	0.73
1304.44	3.066	34.343	0.73
1305.82	3.058	34.342	0.73
1305.72	3.058	34.343	0.73
1305.32	3.063	34.34	0.73
1305.13	3.065	34.338	0.74
1304.63	3.064	34.338	0.73
1304.34	3.076	34.33	0.73
1303.94	3.064	34.341	0.73
1303.65	3.06	34.34	0.74
1305.03	3.056	34.341	0.73
1305.82	3.055	34.341	0.73
1305.23	3.059	34.339	0.74
1304.63	3.058	34.338	0.74
1304.44	3.066	34.34	0.73
1304.14	3.06	34.341	0.73
1304.04	3.06	34.34	0.73
1303.25	3.06	34.34	0.73
1302.96	3.062	34.342	0.73
1303.15	3.068	34.341	0.73
1307.69	3.047	34.342	0.73
1314.1	3.032	34.342	0.74
1320.12	3.019	34.345	0.75
1325.05	3.006	34.346	0.76
1327.52	2.998	34.345	0.77
1328.51	2.994	34.348	0.77
1330.97	2.982	34.348	0.78
1333.04	2.974	34.35	0.78
1334.62	2.97	34.35	0.79
1336.2	2.968	34.348	0.79
1339.35	2.957	34.35	0.8
1341.92	2.953	34.351	0.81
1344.19	2.949	34.35	0.81
1346.46	2.946	34.354	0.81
1346.46	2.948	34.351	0.81
1346.16	2.947	34.35	0.81
1346.46	2.947	34.354	0.81
1346.55	2.945	34.352	0.82
1345.77	2.947	34.35	0.81
1346.46	2.949	34.353	0.81
1347.15	2.944	34.35	0.81
1346.46	2.945	34.351	0.81
1345.86	2.948	34.351	0.82
1345.17	2.947	34.353	0.82
1344.68	2.948	34.353	0.81
1344.68	2.946	34.351	0.82
1345.17	2.942	34.353	0.82
1345.08	2.944	34.354	0.81
1343	2.946	34.35	0.82
1341.23	2.947	34.351	0.81
1342.31	2.944	34.354	0.82
1343.99	2.947	34.352	0.82
1344.98	2.947	34.353	0.81
1345.86	2.946	34.351	0.81
1346.36	2.948	34.35	0.81
1347.15	2.949	34.352	0.82
1348.23	2.944	34.352	0.82
1347.84	2.944	34.354	0.82
1347.54	2.944	34.352	0.82
1348.53	2.942	34.352	0.82
1350.99	2.934	34.353	0.82
1353.75	2.931	34.354	0.82
1356.42	2.93	34.356	0.82
1358.78	2.929	34.356	0.82
1360.16	2.926	34.352	0.82
1362.53	2.915	34.358	0.83
1364.6	2.914	34.359	0.83
1366.38	2.913	34.356	0.83
1366.48	2.915	34.353	0.83
1366.48	2.918	34.356	0.83
1366.67	2.914	34.356	0.84
1369.43	2.911	34.356	0.84
1372	2.91	34.36	0.84
1373.87	2.909	34.355	0.84
1375.45	2.908	34.357	0.84
1377.32	2.905	34.355	0.84
1378.9	2.906	34.355	0.84
1380.97	2.903	34.357	0.84
1384.72	2.894	34.358	0.85
1390.04	2.87	34.36	0.86
1395.76	2.854	34.361	0.88
1402.27	2.849	34.362	0.89
1408.48	2.842	34.363	0.89
1414.99	2.832	34.362	0.9
1421.99	2.813	34.365	0.91
1429.98	2.798	34.364	0.93
1438.75	2.787	34.366	0.94
1445.45	2.779	34.367	0.94
1451.57	2.774	34.368	0.95
1457.38	2.761	34.369	0.95
1464.09	2.748	34.37	0.97
1471.87	2.743	34.37	0.97
1481.24	2.739	34.371	0.97
1490.6	2.732	34.371	0.98
1498.48	2.723	34.373	0.99
1506.86	2.714	34.373	0.99
1515.63	2.701	34.375	1
1524.4	2.694	34.375	1.01
1532.58	2.686	34.376	1.02
1539.48	2.681	34.376	1.02
1546.77	2.68	34.376	1.03
1554.36	2.678	34.377	1.03
1561.25	2.675	34.377	1.03
1568.35	2.67	34.377	1.04
1575.24	2.641	34.378	1.05
1581.25	2.627	34.379	1.07
1587.66	2.622	34.381	1.08
1594.26	2.621	34.379	1.08
1600.76	2.62	34.38	1.08
1607.75	2.618	34.379	1.08
1615.63	2.617	34.38	1.08
1622.63	2.614	34.381	1.09
1627.65	2.599	34.383	1.1
1630.51	2.58	34.383	1.11
1634.84	2.567	34.384	1.13
1640.45	2.562	34.385	1.14
1646.46	2.561	34.384	1.14
1652.17	2.559	34.385	1.14
1656.8	2.554	34.384	1.15
1661.43	2.549	34.385	1.16
1668.42	2.538	34.387	1.16
1674.53	2.517	34.389	1.19
1679.85	2.514	34.39	1.19
1685.36	2.512	34.389	1.2
1691.17	2.506	34.389	1.2
1696.59	2.504	34.389	1.2
1701.31	2.498	34.391	1.2
1706.14	2.493	34.392	1.21
1709.78	2.489	34.393	1.21
1713.13	2.479	34.393	1.22
1715.88	2.475	34.391	1.22
1718.35	2.472	34.394	1.23
1721.59	2.469	34.393	1.23
1724.65	2.465	34.395	1.24
1728.49	2.46	34.393	1.24
1731.83	2.455	34.395	1.25
1734.88	2.451	34.394	1.25
1737.94	2.443	34.395	1.26
1741.78	2.432	34.397	1.27
1746.4	2.425	34.396	1.28
1750.83	2.423	34.396	1.29
1754.77	2.421	34.399	1.29
1758.12	2.417	34.398	1.29
1761.07	2.415	34.398	1.3
1764.22	2.413	34.399	1.3
1767.37	2.41	34.399	1.3
1769.34	2.412	34.397	1.3
1769.53	2.411	34.398	1.3
1770.42	2.406	34.397	1.31
1772.59	2.403	34.399	1.31
1775.74	2.385	34.404	1.32
1778.59	2.381	34.401	1.33
1781.05	2.38	34.406	1.34
1783.22	2.379	34.402	1.34
1784.99	2.377	34.4	1.35
1785.87	2.378	34.403	1.35
1787.74	2.376	34.402	1.35
1789.71	2.375	34.401	1.35
1790.5	2.369	34.403	1.36
1792.66	2.364	34.402	1.37
1794.24	2.363	34.403	1.37
1795.42	2.358	34.401	1.37
1796.31	2.357	34.399	1.38
1797.19	2.355	34.404	1.38
1798.47	2.352	34.405	1.38
1799.95	2.351	34.406	1.38
1802.21	2.351	34.403	1.38
1804.08	2.347	34.405	1.38
1805.16	2.345	34.404	1.39
1804.87	2.349	34.401	1.39
1804.87	2.353	34.398	1.39
1803.98	2.351	34.402	1.39
1803.39	2.35	34.403	1.39
1803.1	2.351	34.403	1.38
1802.11	2.35	34.403	1.38
1800.24	2.354	34.401	1.38
1803	2.349	34.404	1.38
1805.06	2.348	34.403	1.38
1808.21	2.342	34.406	1.39
1811.36	2.333	34.405	1.39
1813.43	2.319	34.406	1.41
1813.72	2.32	34.403	1.41
1813.23	2.322	34.404	1.41
1814.91	2.316	34.408	1.41
1817.27	2.312	34.405	1.41
1819.63	2.308	34.408	1.41
1822.98	2.307	34.407	1.41
1823.66	2.309	34.406	1.41
1825.83	2.307	34.407	1.41
1825.93	2.309	34.407	1.41
1825.93	2.312	34.403	1.41
1825.73	2.313	34.404	1.41
1825.73	2.311	34.406	1.41
1825.83	2.311	34.407	1.41
1825.73	2.314	34.404	1.41
1825.53	2.313	34.406	1.41
1825.34	2.318	34.402	1.41
1824.75	2.309	34.406	1.41
1824.35	2.312	34.408	1.41
1823.47	2.309	34.406	1.41
1822.48	2.309	34.409	1.41
1822.29	2.312	34.407	1.41
1822.19	2.31	34.406	1.41
1821.6	2.31	34.405	1.41
1820.32	2.308	34.407	1.41
1820.22	2.31	34.406	1.41
1819.63	2.31	34.408	1.41
1819.92	2.311	34.405	1.41
1822.29	2.308	34.405	1.41
1825.14	2.306	34.407	1.41
1827.6	2.305	34.407	1.41
1830.75	2.305	34.409	1.41
1833.6	2.304	34.411	1.41
1836.55	2.3	34.407	1.41
1838.52	2.298	34.407	1.42
1840.88	2.298	34.409	1.42
1843.05	2.296	34.408	1.42
1846	2.282	34.41	1.42
1848.76	2.267	34.411	1.44
1848.76	2.273	34.41	1.45
1848.46	2.271	34.409	1.45
1848.85	2.266	34.412	1.45
1848.07	2.265	34.411	1.46
1847.28	2.265	34.41	1.46
1845.41	2.272	34.41	1.45
1846.79	2.269	34.41	1.45
1848.26	2.268	34.409	1.45
1848.17	2.268	34.408	1.45
1850.62	2.262	34.411	1.46
1853.38	2.254	34.412	1.46
1856.43	2.249	34.414	1.47
1859.28	2.247	34.415	1.47
1862.73	2.247	34.414	1.47
1866.47	2.246	34.414	1.48
1869.22	2.244	34.413	1.48
1870.4	2.246	34.412	1.48
1873.06	2.243	34.414	1.48
1874.34	2.244	34.412	1.48
1873.94	2.244	34.413	1.48
1873.35	2.246	34.41	1.48
1873.55	2.243	34.411	1.48
1875.42	2.243	34.411	1.48
1877.78	2.231	34.415	1.49
1882.01	2.201	34.421	1.51
1884.67	2.199	34.414	1.53
1885.35	2.194	34.418	1.53
1888.11	2.191	34.417	1.54
1891.65	2.189	34.418	1.54
1894.5	2.191	34.419	1.54
1894.9	2.193	34.418	1.54
1897.55	2.19	34.418	1.54
1899.03	2.193	34.417	1.54
1900.5	2.191	34.418	1.54
1902.67	2.189	34.417	1.54
1905.82	2.188	34.419	1.55
1909.16	2.182	34.423	1.55
1911.42	2.177	34.421	1.56
1911.03	2.182	34.419	1.56
1911.42	2.179	34.417	1.56
1911.32	2.18	34.419	1.56
1910.64	2.18	34.419	1.56
1910.64	2.176	34.421	1.56
1911.23	2.174	34.422	1.57
1911.42	2.173	34.419	1.57
1912.21	2.169	34.42	1.57
1914.08	2.167	34.422	1.58
1915.46	2.168	34.42	1.58
1915.55	2.171	34.42	1.58
1915.85	2.175	34.421	1.58
1915.95	2.178	34.418	1.58
1916.14	2.177	34.42	1.58
1916.24	2.175	34.422	1.58
1916.24	2.183	34.415	1.58
1916.24	2.194	34.416	1.58
1916.05	2.179	34.421	1.58
1915.55	2.17	34.42	1.57
1915.46	2.169	34.42	1.58
1914.77	2.17	34.422	1.57
1913.29	2.169	34.42	1.57
1913.68	2.167	34.423	1.57
1914.08	2.166	34.423	1.57
1914.47	2.168	34.421	1.57
1914.86	2.168	34.422	1.57
1916.14	2.17	34.422	1.57
1918.11	2.165	34.423	1.58
1918.21	2.166	34.423	1.58
1918.6	2.166	34.422	1.58
1918.8	2.167	34.421	1.58
1919.09	2.166	34.42	1.58
1919	2.163	34.421	1.58
1918.5	2.167	34.419	1.58
1919.68	2.164	34.424	1.58
1920.67	2.163	34.42	1.58
1921.26	2.162	34.421	1.58
1921.85	2.16	34.424	1.58
1921.46	2.162	34.42	1.58
1921.55	2.165	34.424	1.58
1921.46	2.166	34.419	1.58
1921.46	2.168	34.421	1.58
1921.55	2.167	34.421	1.57
1921.46	2.169	34.42	1.57
1921.26	2.168	34.419	1.57
1921.26	2.174	34.418	1.57
1921.16	2.177	34.416	1.57
1921.06	2.175	34.418	1.57
1921.16	2.176	34.422	1.57
1921.06	2.176	34.42	1.57
1920.86	2.173	34.419	1.57
1921.36	2.172	34.419	1.57
1920.96	2.171	34.422	1.57
1920.86	2.172	34.422	1.57
1921.36	2.17	34.419	1.57
1920.86	2.172	34.419	1.57
1920.67	2.171	34.42	1.57
1920.86	2.171	34.42	1.57
1920.67	2.169	34.423	1.57
1920.57	2.169	34.421	1.57
1920.47	2.167	34.422	1.57
1920.27	2.168	34.421	1.58
1920.77	2.167	34.422	1.57
1920.57	2.167	34.418	1.58
1920.86	2.166	34.419	1.58
1920.67	2.167	34.422	1.58
1920.27	2.166	34.42	1.58
1920.47	2.167	34.422	1.58
1920.57	2.169	34.415	1.58
1920.67	2.167	34.42	1.58
1920.37	2.167	34.422	1.58
1920.86	2.168	34.421	1.58
1920.96	2.165	34.421	1.58
1921.16	2.164	34.422	1.58
1921.06	2.167	34.424	1.58
1921.26	2.168	34.419	1.58
1921.36	2.166	34.421	1.58
1921.46	2.168	34.42	1.58
1921.55	2.166	34.42	1.58
1920.86	2.165	34.422	1.58
1920.96	2.164	34.421	1.58
1921.06	2.163	34.423	1.58
1920.96	2.164	34.421	1.58
1920.96	2.165	34.42	1.58
1920.96	2.166	34.42	1.58
1920.77	2.168	34.419	1.57
1920.67	2.168	34.418	1.58
1920.67	2.168	34.421	1.57
1920.37	2.169	34.419	1.57
1920.27	2.171	34.419	1.57
1920.37	2.17	34.421	1.57
1920.67	2.17	34.42	1.57
1921.16	2.173	34.418	1.57
1921.26	2.17	34.42	1.57
1921.06	2.168	34.422	1.57
1920.57	2.169	34.424	1.57
1919.98	2.169	34.423	1.57
1919.88	2.172	34.418	1.57
1919.49	2.172	34.42	1.57
1919.29	2.174	34.42	1.56
1919.19	2.175	34.421	1.56
1919	2.175	34.423	1.56
1918.9	2.176	34.417	1.56
1918.5	2.179	34.419	1.56
1918.01	2.181	34.418	1.56
1917.82	2.179	34.418	1.55
1918.01	2.177	34.42	1.56
1917.82	2.173	34.422	1.56
1917.91	2.176	34.419	1.56
1918.11	2.179	34.418	1.56
1918.31	2.18	34.419	1.55
1918.41	2.186	34.42	1.55
1918.7	2.184	34.419	1.55
1919.29	2.179	34.421	1.55
1919.29	2.175	34.421	1.56
1919.19	2.174	34.423	1.56
1919.39	2.173	34.419	1.56
1920.47	2.172	34.419	1.56
1920.77	2.166	34.421	1.57
1921.55	2.152	34.42	1.58
1922.14	2.149	34.423	1.59
1922.05	2.149	34.421	1.59
1922.05	2.15	34.42	1.59
1921.95	2.151	34.421	1.59
1921.65	2.149	34.423	1.59
1921.16	2.15	34.422	1.59
1920.77	2.156	34.42	1.59
1920.86	2.156	34.421	1.59
1920.96	2.155	34.42	1.59
1920.47	2.155	34.423	1.59
1919.59	2.166	34.421	1.58
1919.29	2.169	34.42	1.57
1919.09	2.173	34.42	1.57
1918.41	2.179	34.42	1.56
1917.91	2.181	34.423	1.55
1917.62	2.183	34.421	1.55
1917.42	2.186	34.418	1.55
1917.23	2.185	34.42	1.54
1916.93	2.186	34.419	1.55
1916.54	2.186	34.42	1.54
1916.24	2.185	34.418	1.55
1916.83	2.185	34.419	1.54
1916.93	2.184	34.42	1.55
1917.23	2.18	34.42	1.55
1917.42	2.182	34.424	1.55
1917.42	2.181	34.421	1.55
1917.52	2.177	34.418	1.55
1917.62	2.175	34.419	1.56
1917.52	2.178	34.42	1.56
1917.52	2.179	34.418	1.55
1917.13	2.178	34.422	1.55
1916.93	2.181	34.419	1.55
1917.13	2.179	34.42	1.55
1916.73	2.179	34.421	1.55
1917.03	2.182	34.419	1.55
1917.32	2.181	34.422	1.55
1916.73	2.182	34.421	1.55
1915.95	2.184	34.42	1.54
1914.77	2.185	34.421	1.54
1913.88	2.187	34.418	1.54
1912.9	2.187	34.421	1.54
1911.52	2.186	34.421	1.54
1910.34	2.188	34.42	1.54
1908.86	2.187	34.418	1.54
1907.49	2.19	34.42	1.53
1906.21	2.19	34.419	1.53
1904.24	2.192	34.419	1.53
1902.37	2.194	34.42	1.53
1900.8	2.202	34.416	1.53
1899.13	2.216	34.413	1.51
1897.26	2.219	34.417	1.5
1895.19	2.237	34.413	1.49
1894.21	2.243	34.416	1.48
1894.11	2.244	34.412	1.48
1892.63	2.245	34.413	1.47
1890.96	2.246	34.414	1.47
1889.58	2.246	34.412	1.47
1888.7	2.248	34.413	1.47
1886.83	2.247	34.415	1.46
1885.55	2.248	34.414	1.46
1883.88	2.251	34.412	1.46
1882.21	2.253	34.412	1.46
1881.12	2.254	34.414	1.46
1879.75	2.255	34.413	1.46
1878.17	2.255	34.414	1.46
1876.3	2.256	34.414	1.46
1874.63	2.257	34.414	1.45
1872.96	2.26	34.414	1.45
1871.09	2.272	34.409	1.44
1869.22	2.288	34.408	1.43
1867.74	2.291	34.41	1.42
1866.27	2.288	34.409	1.42
1864.2	2.288	34.408	1.42
1862.33	2.291	34.409	1.41
1859.97	2.292	34.412	1.41
1857.71	2.292	34.41	1.41
1855.15	2.292	34.408	1.41
1852.69	2.293	34.41	1.41
1850.62	2.294	34.411	1.41
1848.17	2.293	34.411	1.41
1845.8	2.295	34.411	1.41
1843.74	2.297	34.407	1.41
1842.26	2.298	34.407	1.41
1841.08	2.298	34.407	1.41
1839.7	2.298	34.41	1.41
1837.83	2.301	34.408	1.41
1837.14	2.307	34.408	1.41
1836.46	2.311	34.407	1.4
1835.37	2.315	34.409	1.41
1833.9	2.317	34.408	1.4
1832.52	2.319	34.409	1.4
1831.24	2.332	34.406	1.39
1829.08	2.339	34.404	1.39
1826.71	2.346	34.405	1.38
1824.35	2.348	34.406	1.37
1822.09	2.352	34.405	1.37
1819.92	2.353	34.407	1.37
1819.14	2.354	34.403	1.37
1819.14	2.356	34.402	1.37
1817.86	2.357	34.405	1.37
1816.78	2.356	34.404	1.37
1815.69	2.359	34.402	1.36
1814.71	2.359	34.402	1.36
1812.64	2.359	34.401	1.36
1810.38	2.362	34.401	1.36
1807.52	2.365	34.404	1.35
1804.67	2.371	34.402	1.35
1802.21	2.379	34.398	1.35
1799.95	2.385	34.4	1.33
1797.59	2.392	34.398	1.33
1794.83	2.4	34.399	1.31
1792.57	2.402	34.4	1.3
1790.11	2.404	34.396	1.3
1788.63	2.407	34.397	1.3
1787.74	2.406	34.399	1.29
1786.27	2.406	34.399	1.29
1784	2.409	34.399	1.29
1781.44	2.412	34.401	1.29
1779.08	2.416	34.398	1.28
1776.72	2.419	34.395	1.28
1774.26	2.421	34.397	1.28
1771.5	2.423	34.398	1.27
1769.63	2.425	34.397	1.27
1767.86	2.424	34.398	1.27
1765.6	2.425	34.4	1.27
1763.24	2.426	34.398	1.27
1761.56	2.426	34.396	1.27
1759.49	2.426	34.398	1.27
1757.33	2.427	34.396	1.27
1755.07	2.427	34.4	1.27
1755.26	2.428	34.396	1.27
1755.07	2.43	34.397	1.27
1753.19	2.428	34.399	1.27
1750.24	2.431	34.398	1.27
1746.99	2.439	34.395	1.26
1744.04	2.444	34.394	1.25
1741.09	2.45	34.394	1.25
1738.53	2.453	34.394	1.24
1736.46	2.454	34.394	1.24
1734.98	2.456	34.394	1.23
1733.31	2.457	34.394	1.23
1731.24	2.458	34.395	1.23
1728.39	2.461	34.393	1.23
1725.73	2.463	34.395	1.23
1724.06	2.466	34.396	1.22
1721.1	2.472	34.392	1.22
1718.54	2.475	34.392	1.21
1715.69	2.478	34.392	1.21
1712.14	2.486	34.391	1.2
1708.7	2.495	34.39	1.2
1706.33	2.497	34.391	1.19
1704.07	2.5	34.392	1.19
1702	2.503	34.389	1.19
1700.23	2.503	34.391	1.19
1698.06	2.503	34.392	1.19
1695.8	2.503	34.394	1.18
1692.94	2.503	34.391	1.18
1690.28	2.504	34.391	1.19
1687.23	2.503	34.392	1.19
1685.16	2.507	34.388	1.18
1683.1	2.506	34.388	1.18
1681.52	2.507	34.392	1.18
1679.45	2.508	34.388	1.18
1676.79	2.513	34.388	1.18
1674.73	2.528	34.387	1.17
1672.17	2.539	34.384	1.16
1669.31	2.541	34.385	1.16
1667.05	2.544	34.383	1.15
1663.99	2.546	34.384	1.15
1661.04	2.546	34.384	1.15
1659.66	2.552	34.385	1.15
1659.66	2.554	34.384	1.14
1659.17	2.552	34.385	1.14
1658.18	2.557	34.384	1.14
1656.61	2.559	34.383	1.13
1654.54	2.56	34.384	1.13
1652.86	2.559	34.386	1.13
1650.99	2.56	34.385	1.13
1649.42	2.559	34.386	1.13
1647.74	2.561	34.385	1.13
1645.28	2.563	34.386	1.12
1643.9	2.565	34.382	1.13
1643.51	2.566	34.383	1.13
1642.62	2.569	34.381	1.13
1642.62	2.564	34.384	1.13
1642.52	2.565	34.384	1.13
1641.34	2.564	34.383	1.13
1640.06	2.566	34.381	1.13
1639.47	2.566	34.384	1.12
1637.3	2.566	34.385	1.12
1635.04	2.566	34.385	1.12
1633.76	2.567	34.385	1.12
1631.2	2.568	34.384	1.12
1630.11	2.57	34.383	1.12
1629.82	2.576	34.381	1.11
1629.92	2.588	34.385	1.11
1629.42	2.59	34.381	1.11
1628.24	2.603	34.382	1.09
1626.57	2.609	34.38	1.08
1624.7	2.611	34.38	1.08
1623.12	2.611	34.381	1.08
1621.64	2.612	34.381	1.08
1620.16	2.613	34.382	1.08
1617.9	2.615	34.379	1.08
1615.54	2.615	34.381	1.07
1612.97	2.616	34.38	1.07
1610.81	2.617	34.38	1.07
1611	2.617	34.382	1.07
1609.13	2.617	34.38	1.07
1607.26	2.617	34.382	1.07
1605.09	2.617	34.379	1.07
1603.03	2.617	34.379	1.07
1600.27	2.617	34.38	1.07
1598.2	2.617	34.38	1.07
1595.64	2.617	34.379	1.07
1594.46	2.617	34.379	1.07
1593.67	2.619	34.379	1.07
1592.29	2.618	34.38	1.07
1590.02	2.618	34.378	1.07
1588.25	2.619	34.38	1.07
1586.97	2.619	34.379	1.07
1586.38	2.621	34.379	1.07
1584.01	2.62	34.378	1.07
1581.85	2.619	34.378	1.07
1581.35	2.62	34.378	1.07
1580.76	2.62	34.38	1.07
1579.78	2.62	34.38	1.07
1578.69	2.624	34.378	1.07
1577.12	2.622	34.378	1.07
1575.84	2.622	34.378	1.07
1574.75	2.623	34.378	1.07
1573.77	2.623	34.379	1.07
1573.96	2.623	34.378	1.07
1574.16	2.623	34.378	1.07
1573.47	2.624	34.381	1.07
1573.47	2.623	34.377	1.07
1572.98	2.621	34.379	1.07
1571.4	2.622	34.381	1.07
1568.94	2.624	34.38	1.06
1567.66	2.627	34.379	1.06
1567.07	2.627	34.376	1.06
1566.48	2.629	34.375	1.06
1567.26	2.626	34.377	1.06
1567.26	2.626	34.379	1.06
1566.48	2.625	34.379	1.06
1566.67	2.625	34.379	1.06
1566.57	2.626	34.379	1.06
1564.9	2.627	34.379	1.06
1564.41	2.629	34.379	1.06
1564.11	2.631	34.378	1.06
1563.62	2.632	34.38	1.06
1562.14	2.636	34.377	1.06
1561.06	2.647	34.376	1.05
1560.47	2.651	34.378	1.04
1559.58	2.657	34.376	1.04
1558.79	2.661	34.378	1.03
1558.99	2.662	34.375	1.03
1557.81	2.664	34.377	1.03
1557.12	2.666	34.376	1.03
1557.71	2.667	34.376	1.03
1558.1	2.668	34.377	1.03
1557.31	2.667	34.375	1.03
1557.81	2.667	34.378	1.03
1556.82	2.667	34.376	1.03
1553.96	2.67	34.377	1.02
1551.2	2.68	34.378	1.02
1548.84	2.683	34.375	1.01
1546.77	2.683	34.376	1.01
1543.72	2.684	34.374	1.01
1540.37	2.684	34.377	1.01
1537.51	2.685	34.376	1.01
1534.95	2.688	34.375	1.01
1532.88	2.689	34.374	1.01
1530.91	2.691	34.374	1.01
1528.25	2.692	34.375	1.01
1525.98	2.693	34.374	1
1523.71	2.692	34.376	1
1519.57	2.693	34.377	1
1514.84	2.699	34.377	1
1510.41	2.701	34.374	0.99
1505.68	2.71	34.373	0.99
1500.85	2.72	34.372	0.98
1495.13	2.724	34.371	0.98
1488.92	2.733	34.37	0.97
1482.22	2.737	34.371	0.97
1474.83	2.742	34.37	0.96
1468.13	2.746	34.369	0.96
1463	2.747	34.37	0.96
1457.09	2.748	34.371	0.96
1451.37	2.75	34.369	0.95
1445.65	2.754	34.37	0.95
1441.61	2.765	34.369	0.94
1438.75	2.768	34.369	0.94
1434.91	2.776	34.371	0.94
1431.06	2.781	34.369	0.93
1427.02	2.783	34.368	0.93
1423.17	2.789	34.367	0.93
1419.03	2.797	34.365	0.92
1414.5	2.806	34.366	0.91
1408.98	2.831	34.36	0.91
1403.65	2.844	34.361	0.89
1398.43	2.845	34.361	0.88
1393.89	2.845	34.362	0.88
1388.96	2.846	34.36	0.88
1383.73	2.857	34.359	0.88
1378.51	2.888	34.356	0.85
1373.48	2.902	34.355	0.84
1369.14	2.908	34.355	0.83
1366.87	2.909	34.356	0.83
1367.27	2.912	34.353	0.83
1366.87	2.914	34.353	0.83
1367.27	2.913	34.355	0.83
1367.76	2.911	34.354	0.83
1368.05	2.911	34.356	0.83
1365.98	2.913	34.354	0.83
1361.55	2.924	34.352	0.82
1357.01	2.938	34.353	0.81
1352.37	2.951	34.351	0.8
1347.84	2.96	34.35	0.8
1342.51	2.969	34.35	0.79
1337.38	2.979	34.347	0.78
1332.45	2.989	34.346	0.77
1327.72	2.997	34.346	0.76
1322.49	3.006	34.344	0.76
1316.67	3.012	34.344	0.75
1310.55	3.02	34.343	0.75
1305.32	3.031	34.343	0.74
1300	3.046	34.342	0.73
1294.37	3.069	34.34	0.72
1289.15	3.091	34.339	0.71
1283.82	3.094	34.338	0.71
1278.49	3.108	34.338	0.71
1273.16	3.126	34.337	0.7
1267.84	3.138	34.336	0.7
1262.41	3.149	34.335	0.69
1256.88	3.159	34.334	0.68
1251.46	3.167	34.333	0.68
1245.93	3.193	34.33	0.67
1240.31	3.204	34.329	0.66
1234.98	3.206	34.329	0.65
1229.45	3.211	34.329	0.65
1223.63	3.233	34.327	0.65
1217.91	3.24	34.327	0.64
1212.18	3.245	34.327	0.63
1206.46	3.256	34.325	0.63
1200.54	3.277	34.323	0.62
1194.42	3.305	34.319	0.6
1188.59	3.308	34.321	0.59
1182.47	3.316	34.319	0.59
1176.35	3.35	34.315	0.58
1169.84	3.405	34.309	0.56
1164.41	3.421	34.31	0.54
1160.36	3.43	34.31	0.53
1155.82	3.445	34.308	0.53
1150.69	3.48	34.304	0.51
1145.16	3.506	34.302	0.5
1139.53	3.528	34.3	0.49
1134.3	3.554	34.299	0.48
1128.97	3.572	34.296	0.47
1123.54	3.579	34.296	0.46
1118.21	3.593	34.294	0.45
1112.88	3.615	34.291	0.45
1107.74	3.631	34.29	0.43
1102.51	3.641	34.289	0.43
1097.28	3.644	34.289	0.43
1092.34	3.661	34.286	0.42
1087.01	3.68	34.283	0.42
1081.87	3.703	34.282	0.41
1076.34	3.72	34.282	0.41
1071.01	3.732	34.282	0.41
1065.77	3.765	34.277	0.39
1060.34	3.782	34.275	0.38
1055.21	3.795	34.275	0.38
1050.37	3.811	34.272	0.37
1045.53	3.82	34.272	0.37
1040.49	3.831	34.271	0.36
1035.65	3.846	34.269	0.36
1030.51	3.875	34.265	0.35
1025.08	3.896	34.262	0.34
1019.75	3.915	34.262	0.33
1014.41	3.936	34.26	0.32
1009.18	3.943	34.26	0.32
1003.94	3.952	34.259	0.32
998.61	3.96	34.259	0.32
993.27	3.961	34.258	0.32
987.84	3.963	34.259	0.32
981.91	3.966	34.266	0.32
975.88	3.99	34.266	0.31
969.26	4.02	34.267	0.3
962.84	4.049	34.26	0.3
955.23	4.066	34.251	0.3
948.12	4.081	34.249	0.29
941.6	4.111	34.25	0.29
934.88	4.147	34.248	0.28
927.96	4.161	34.257	0.27
921.34	4.187	34.246	0.26
914.91	4.202	34.242	0.25
908.29	4.224	34.237	0.24
901.57	4.243	34.243	0.23
894.75	4.282	34.226	0.21
887.54	4.305	34.228	0.21
880.52	4.342	34.214	0.2
874.49	4.369	34.211	0.2
867.37	4.383	34.211	0.19
860.55	4.399	34.211	0.19
854.32	4.455	34.203	0.19
847.8	4.474	34.207	0.19
840.78	4.487	34.205	0.19
833.96	4.493	34.202	0.19
827.33	4.551	34.197	0.19
820.31	4.605	34.195	0.19
813.69	4.648	34.19	0.18
806.27	4.658	34.192	0.19
799.45	4.67	34.194	0.18
792.82	4.698	34.187	0.18
785.8	4.719	34.18	0.17
779.18	4.739	34.177	0.17
772.45	4.763	34.174	0.17
765.13	4.813	34.165	0.17
758.01	4.844	34.167	0.17
751.38	4.888	34.164	0.17
744.86	4.956	34.159	0.17
738.13	4.977	34.162	0.18
731.11	4.983	34.164	0.18
724.48	5.018	34.154	0.18
721.51	5.023	34.156	0.18
722.2	5.029	34.159	0.18
720.52	5.032	34.153	0.18
720.33	5.04	34.154	0.18
720.72	5.04	34.155	0.18
721.31	5.033	34.156	0.18
721.22	5.037	34.155	0.18
719.63	5.044	34.155	0.18
713.8	5.054	34.152	0.18
706.48	5.065	34.153	0.18
700.05	5.075	34.167	0.18
693.52	5.116	34.156	0.18
686.99	5.184	34.138	0.19
680.65	5.234	34.131	0.19
674.52	5.255	34.144	0.19
668.19	5.297	34.151	0.2
661.46	5.335	34.134	0.2
654.63	5.406	34.123	0.21
647.8	5.46	34.117	0.22
641.07	5.487	34.114	0.23
634.05	5.495	34.115	0.23
627.42	5.51	34.129	0.23
620.59	5.533	34.123	0.24
613.86	5.565	34.103	0.25
607.52	5.592	34.081	0.27
600.69	5.62	34.086	0.28
593.47	5.643	34.075	0.29
586.44	5.671	34.078	0.31
579.41	5.689	34.068	0.31
572.58	5.708	34.077	0.32
565.55	5.761	34.071	0.32
558.62	5.793	34.072	0.33
552.19	5.813	34.079	0.34
545.06	5.889	34.069	0.35
538.82	5.952	34.058	0.39
532.09	5.957	34.053	0.39
525.16	5.98	34.06	0.4
517.93	6.017	34.052	0.41
511	6.037	34.061	0.42
504.36	6.059	34.064	0.42
497.23	6.094	34.062	0.43
490.2	6.156	34.072	0.46
482.97	6.198	34.077	0.48
475.54	6.251	34.053	0.52
468.31	6.294	34.031	0.55
461.18	6.323	34.024	0.6
453.85	6.347	34.017	0.62
446.52	6.391	34.006	0.65
439.59	6.492	33.999	0.68
433.45	6.503	33.994	0.73
426.61	6.543	33.988	0.75
419.98	6.676	33.99	0.78
413.24	6.71	33.985	0.81
406.4	6.798	33.995	0.83
399.67	6.897	34.001	0.83
392.73	6.934	34.003	0.83
385.6	6.939	34.002	0.84
377.87	6.996	34.008	0.85
370.83	7.103	34.021	0.86
363.4	7.189	34.014	0.87
355.97	7.244	34.021	0.9
348.64	7.295	34.019	0.92
341.8	7.366	34.003	0.94
334.07	7.507	33.994	0.99
326.24	7.552	33.991	1.02
318.8	7.576	34.001	1.04
311.57	7.604	34.008	1.06
304.03	7.645	34	1.07
296.3	7.695	34.011	1.1
288.67	7.777	34.023	1.15
280.64	7.875	34.055	1.18
272.71	7.993	34.045	1.17
264.68	8.072	34.028	1.15
256.35	8.111	34.02	1.15
248.22	8.132	34.017	1.15
240.59	8.187	34.019	1.17
232.85	8.224	34.014	1.18
224.92	8.261	34.006	1.19
217.19	8.294	34.006	1.21
209.75	8.321	34.011	1.22
201.91	8.338	34.005	1.22
193.98	8.345	33.993	1.25
185.95	8.345	33.971	1.34
177.91	8.326	33.923	1.52
169.58	8.317	33.907	1.75
161.75	8.337	33.898	1.95
154.4	8.381	33.901	2.02
146.17	8.449	33.88	2.09
137.74	8.562	33.865	2.11
130.8	8.616	33.857	2.11
123.65	8.655	33.849	2.13
116.41	8.686	33.793	2.36
108.97	8.794	33.745	2.63
101.92	8.83	33.727	2.86
95.18	8.926	33.705	3.06
89.12	9.191	33.686	3.15
83.57	9.222	33.69	3.18
78.41	9.356	33.669	3.27
71.86	9.619	33.651	3.43
66.2	9.819	33.626	3.71
60.15	9.969	33.616	3.92
53.2	10.079	33.615	3.88
50.72	10.084	33.619	3.86
49.53	10.068	33.614	3.85
48.04	10.032	33.608	3.89
48.34	10.039	33.609	3.89
46.45	10.043	33.608	3.88
44.86	10.062	33.61	3.88
45.06	10.058	33.608	3.88
45.16	10.049	33.608	3.88
45.06	10.049	33.608	3.87
45.16	10.038	33.604	3.88
44.96	10.047	33.604	3.9
45.16	10.064	33.602	3.9
45.06	10.076	33.602	3.9
45.86	10.038	33.605	3.91
46.16	10.054	33.606	3.9
47.15	10.057	33.605	3.9
47.64	10.036	33.603	3.9
46.65	10.105	33.602	3.9
44.86	10.227	33.608	3.95
42.09	10.245	33.604	4.02
40.1	10.447	33.611	4.19
37.02	10.62	33.607	4.34
35.63	10.705	33.624	4.51
33.85	10.705	33.612	4.54
29.88	10.75	33.581	4.6
26.5	10.876	33.573	4.78
23.13	11.065	33.581	5.01
19.75	11.35	33.584	5.6
18.56	11.802	33.52	6.81
17.07	12.473	33.444	7.54
15.78	12.613	33.349	7.14
15.39	12.647	33.302	7.34
14.99	12.737	33.236	6.34
15.19	12.213	33.501	7.5
12.9	12.897	33.274	7.07
6.85	13.296	33.23	6.4
2.98	13.339	33.208	6.38
2.88	13.299	33.221	6.34
2.78	13.221	33.192	6.33
