3.67	11.727	33.489	5.59
8.74	11.727	33.497	5.59
12.61	11.598	33.517	5.49
13.7	11.541	33.522	5.29
15.88	11.444	33.584	5.35
16.88	10.979	33.604	4.71
19.56	10.648	33.642	4.28
22.33	10.448	33.65	4
21.44	10.419	33.666	3.96
24.22	10.36	33.66	3.92
26.11	10.228	33.667	3.82
27.69	10.208	33.674	3.74
28.79	10.179	33.681	3.72
28.59	10.189	33.67	3.71
29.48	10.161	33.677	3.71
30.08	10.119	33.685	3.66
31.37	10.106	33.685	3.63
31.76	10.089	33.684	3.6
32.16	10.096	33.684	3.6
33.15	10.095	33.68	3.61
34.94	10.085	33.685	3.6
35.54	10.061	33.688	3.58
36.73	10.066	33.684	3.57
37.12	10.07	33.677	3.57
37.72	10.063	33.674	3.56
37.42	10.053	33.683	3.56
37.42	10.047	33.684	3.55
38.51	10.04	33.688	3.55
38.91	10.037	33.691	3.55
38.61	10.04	33.687	3.55
38.41	10.042	33.687	3.55
38.61	10.045	33.686	3.55
38.22	10.035	33.689	3.54
38.91	10.029	33.689	3.54
40.3	10.021	33.688	3.53
42.48	10.006	33.687	3.52
47.74	9.949	33.701	3.48
52.71	9.867	33.706	3.39
55.98	9.845	33.687	3.33
59.85	9.561	33.707	2.97
64.02	9.487	33.716	2.8
67.89	9.424	33.77	2.74
72.16	9.401	33.815	2.74
76.62	9.377	33.83	2.72
81.58	9.353	33.837	2.68
87.04	9.305	33.851	2.57
92.9	9.283	33.854	2.48
98.65	9.205	33.88	2.39
104.5	9.075	33.933	2.24
110.85	9.013	33.957	2.12
117.5	8.963	33.974	2.07
123.95	8.907	33.992	2.01
131.69	8.866	34.006	1.94
138.53	8.829	34.007	1.92
140.02	8.825	34	1.93
142.2	8.768	34.006	1.93
146.17	8.708	34.017	1.91
151.23	8.693	34.036	1.84
156.79	8.687	34.05	1.78
161.94	8.66	34.072	1.71
167.3	8.558	34.092	1.6
173.95	8.491	34.091	1.56
181.48	8.452	34.094	1.54
188.13	8.38	34.098	1.5
195.17	8.292	34.1	1.48
201.91	8.204	34.099	1.47
208.76	8.134	34.098	1.46
215.7	8.096	34.094	1.45
222.44	8.014	34.1	1.41
228.39	7.982	34.102	1.38
234.44	7.949	34.105	1.36
240.59	7.91	34.108	1.33
246.83	7.845	34.117	1.29
252.58	7.82	34.12	1.25
258.33	7.787	34.124	1.23
264.48	7.754	34.128	1.18
270.23	7.694	34.135	1.15
275.68	7.634	34.14	1.09
281.73	7.605	34.144	1.05
287.68	7.595	34.145	1.04
293.73	7.585	34.141	1.03
299.77	7.516	34.146	1.01
305.82	7.461	34.152	0.99
311.47	7.355	34.159	0.92
317.61	7.314	34.161	0.89
324.16	7.297	34.161	0.89
330.3	7.296	34.161	0.88
336.64	7.281	34.166	0.86
342.99	7.27	34.166	0.85
349.23	7.251	34.165	0.85
355.77	7.233	34.165	0.85
361.72	7.218	34.166	0.84
367.96	7.204	34.166	0.83
374.2	7.157	34.163	0.83
380.64	7.095	34.159	0.83
387.08	7.02	34.155	0.83
393.32	6.929	34.153	0.82
399.67	6.873	34.167	0.77
405.91	6.832	34.172	0.73
411.85	6.809	34.175	0.71
417.4	6.773	34.176	0.69
423.64	6.734	34.177	0.67
429.68	6.702	34.18	0.66
435.53	6.679	34.179	0.65
441.97	6.637	34.183	0.64
448.6	6.58	34.188	0.61
454.74	6.538	34.194	0.6
461.08	6.445	34.195	0.57
467.52	6.404	34.197	0.55
473.96	6.375	34.202	0.53
480.1	6.29	34.207	0.51
486.44	6.213	34.213	0.48
493.17	6.151	34.218	0.46
500.4	6.108	34.219	0.44
507.33	6.097	34.22	0.43
514.17	6.083	34.221	0.43
521	6.04	34.226	0.41
527.63	6.019	34.226	0.41
534.07	5.99	34.23	0.4
540.7	5.944	34.236	0.39
547.63	5.881	34.24	0.36
554.37	5.833	34.242	0.35
560.9	5.808	34.246	0.34
567.23	5.789	34.244	0.34
574.07	5.779	34.244	0.33
580.6	5.771	34.242	0.33
587.33	5.746	34.246	0.33
593.07	5.705	34.254	0.31
599.9	5.671	34.252	0.3
606.83	5.648	34.261	0.3
613.46	5.633	34.26	0.3
620.39	5.549	34.261	0.29
626.82	5.47	34.271	0.28
633.55	5.439	34.27	0.28
640.28	5.382	34.273	0.29
646.81	5.324	34.276	0.31
653.34	5.296	34.281	0.31
660.07	5.256	34.281	0.31
666.9	5.205	34.289	0.3
673.13	5.179	34.293	0.29
679.76	5.162	34.296	0.29
686.49	5.157	34.294	0.28
692.92	5.127	34.298	0.27
699.35	5.081	34.302	0.28
706.08	5.056	34.306	0.28
712.61	5.053	34.305	0.27
718.84	5.051	34.306	0.27
725.47	5.041	34.307	0.26
732.1	5.008	34.311	0.25
738.23	4.991	34.313	0.25
744.76	4.964	34.313	0.25
750.79	4.925	34.319	0.25
756.53	4.921	34.318	0.25
762.26	4.905	34.321	0.25
768.1	4.89	34.321	0.25
773.74	4.881	34.321	0.25
779.08	4.837	34.329	0.25
784.71	4.817	34.331	0.25
790.55	4.783	34.333	0.26
796.48	4.774	34.331	0.26
802.42	4.752	34.336	0.26
808.25	4.74	34.337	0.26
814.38	4.725	34.339	0.26
820.41	4.715	34.34	0.26
827.33	4.712	34.34	0.26
834.95	4.708	34.341	0.26
842.95	4.662	34.346	0.27
851.06	4.613	34.351	0.27
858.18	4.586	34.354	0.28
865.69	4.574	34.355	0.28
873.1	4.528	34.359	0.28
880.32	4.501	34.363	0.29
887.54	4.465	34.366	0.29
890.7	4.466	34.349	0.3
889.81	4.393	34.372	0.31
889.61	4.411	34.367	0.31
889.41	4.436	34.366	0.31
888.43	4.459	34.366	0.31
887.54	4.468	34.367	0.3
887.54	4.471	34.363	0.3
888.23	4.472	34.365	0.3
889.22	4.464	34.364	0.3
890.01	4.448	34.365	0.3
890.3	4.418	34.367	0.31
891	4.397	34.377	0.31
890.8	4.401	34.363	0.31
890.3	4.424	34.373	0.31
891.39	4.396	34.378	0.31
891.69	4.4	34.373	0.31
891.39	4.445	34.362	0.31
890.21	4.452	34.362	0.3
890.01	4.437	34.364	0.3
891.19	4.427	34.365	0.31
890.9	4.425	34.368	0.31
890.9	4.398	34.369	0.31
890.9	4.39	34.371	0.31
890.3	4.426	34.364	0.31
889.51	4.418	34.369	0.31
888.82	4.461	34.361	0.3
888.33	4.472	34.363	0.29
888.13	4.465	34.368	0.29
889.61	4.464	34.368	0.3
889.22	4.461	34.369	0.3
888.62	4.426	34.366	0.3
888.43	4.395	34.374	0.31
888.23	4.401	34.368	0.31
887.83	4.409	34.373	0.31
887.44	4.427	34.37	0.31
887.04	4.436	34.369	0.3
886.25	4.431	34.369	0.3
886.65	4.443	34.377	0.3
886.84	4.426	34.362	0.3
886.84	4.412	34.374	0.31
887.04	4.408	34.373	0.31
887.04	4.413	34.37	0.31
886.75	4.421	34.368	0.31
887.04	4.422	34.367	0.31
886.75	4.42	34.372	0.31
886.94	4.421	34.369	0.31
886.45	4.423	34.371	0.31
886.15	4.433	34.371	0.3
886.05	4.448	34.367	0.3
885.76	4.45	34.366	0.3
886.55	4.412	34.365	0.3
886.75	4.404	34.371	0.31
887.04	4.41	34.368	0.31
887.44	4.398	34.369	0.31
887.34	4.394	34.37	0.31
887.44	4.397	34.371	0.31
887.44	4.406	34.37	0.31
887.34	4.411	34.37	0.31
887.34	4.41	34.369	0.31
887.44	4.402	34.37	0.31
887.44	4.395	34.371	0.31
887.44	4.393	34.37	0.31
887.34	4.39	34.37	0.31
887.44	4.388	34.371	0.31
887.34	4.386	34.371	0.31
887.34	4.385	34.372	0.31
887.44	4.384	34.372	0.31
887.14	4.386	34.373	0.31
886.94	4.386	34.375	0.31
886.94	4.386	34.372	0.31
886.94	4.389	34.374	0.31
887.34	4.39	34.371	0.31
887.04	4.385	34.376	0.31
887.04	4.386	34.373	0.31
887.24	4.387	34.371	0.31
887.24	4.386	34.372	0.31
887.24	4.386	34.372	0.31
887.24	4.386	34.372	0.31
887.24	4.386	34.371	0.31
887.24	4.388	34.372	0.31
887.24	4.387	34.372	0.31
887.24	4.386	34.372	0.31
887.24	4.386	34.372	0.31
887.24	4.387	34.371	0.31
887.24	4.386	34.372	0.31
887.24	4.386	34.372	0.31
887.24	4.387	34.371	0.31
887.24	4.387	34.371	0.31
887.24	4.386	34.372	0.31
887.24	4.388	34.371	0.31
887.24	4.388	34.372	0.31
887.24	4.387	34.371	0.31
887.24	4.388	34.37	0.31
887.24	4.389	34.372	0.31
887.24	4.394	34.37	0.31
887.24	4.39	34.371	0.31
887.24	4.395	34.37	0.31
887.24	4.401	34.369	0.31
887.24	4.4	34.369	0.31
887.24	4.393	34.371	0.31
887.24	4.391	34.372	0.31
887.24	4.39	34.372	0.31
887.24	4.388	34.373	0.31
887.24	4.396	34.37	0.31
887.24	4.427	34.364	0.31
887.24	4.433	34.365	0.3
887.24	4.422	34.368	0.3
887.24	4.409	34.371	0.31
887.24	4.405	34.37	0.31
887.24	4.394	34.373	0.31
887.24	4.398	34.372	0.31
887.24	4.4	34.373	0.31
887.24	4.417	34.369	0.31
887.24	4.419	34.368	0.3
887.24	4.413	34.37	0.3
887.04	4.405	34.375	0.31
887.14	4.396	34.373	0.31
886.75	4.4	34.371	0.31
886.35	4.405	34.37	0.31
886.75	4.416	34.366	0.31
886.65	4.405	34.369	0.31
886.75	4.397	34.374	0.31
887.14	4.399	34.371	0.31
887.14	4.4	34.371	0.31
886.94	4.396	34.372	0.31
886.75	4.396	34.372	0.31
886.84	4.394	34.37	0.31
886.94	4.407	34.368	0.31
886.94	4.403	34.374	0.31
885.56	4.404	34.37	0.31
884.18	4.414	34.368	0.31
882.69	4.436	34.364	0.3
881.8	4.44	34.367	0.3
881.8	4.443	34.367	0.3
882.89	4.434	34.367	0.3
883.88	4.433	34.367	0.3
884.08	4.434	34.366	0.3
884.47	4.428	34.366	0.3
885.46	4.405	34.369	0.3
885.56	4.394	34.374	0.31
885.76	4.396	34.373	0.31
885.96	4.391	34.374	0.31
885.66	4.392	34.371	0.31
885.66	4.394	34.372	0.31
885.46	4.396	34.372	0.31
884.77	4.402	34.374	0.31
884.57	4.403	34.373	0.31
885.36	4.391	34.369	0.31
885.86	4.391	34.371	0.31
886.15	4.393	34.368	0.31
885.66	4.388	34.373	0.31
884.97	4.385	34.375	0.31
884.37	4.385	34.373	0.31
882.89	4.386	34.376	0.31
881.41	4.392	34.375	0.31
880.62	4.397	34.37	0.3
882.1	4.405	34.366	0.31
882.99	4.412	34.37	0.3
882.3	4.409	34.37	0.3
882.3	4.412	34.369	0.3
882.59	4.411	34.37	0.3
883.29	4.397	34.37	0.3
883.98	4.385	34.374	0.31
883.68	4.381	34.372	0.31
884.08	4.381	34.372	0.31
884.47	4.382	34.369	0.31
885.16	4.379	34.372	0.31
884.37	4.376	34.377	0.31
884.57	4.379	34.378	0.31
885.66	4.378	34.371	0.31
885.76	4.38	34.371	0.31
885.46	4.372	34.374	0.31
885.76	4.374	34.374	0.31
886.35	4.374	34.377	0.31
885.86	4.372	34.376	0.31
886.35	4.373	34.374	0.31
886.65	4.372	34.375	0.31
886.65	4.372	34.374	0.31
886.05	4.372	34.376	0.31
886.05	4.372	34.378	0.31
886.05	4.372	34.378	0.31
886.35	4.37	34.373	0.31
886.65	4.37	34.375	0.31
886.75	4.37	34.375	0.31
887.04	4.365	34.376	0.31
887.04	4.365	34.374	0.31
887.04	4.361	34.376	0.31
886.94	4.361	34.376	0.31
886.55	4.357	34.374	0.31
886.65	4.355	34.382	0.31
886.35	4.354	34.379	0.31
886.65	4.351	34.38	0.31
886.84	4.352	34.381	0.31
887.24	4.355	34.373	0.31
887.44	4.355	34.377	0.31
887.24	4.357	34.373	0.31
887.34	4.354	34.378	0.31
887.34	4.353	34.375	0.31
886.94	4.356	34.375	0.31
886.35	4.355	34.376	0.31
885.96	4.356	34.376	0.31
885.76	4.36	34.375	0.31
885.16	4.36	34.374	0.31
884.57	4.362	34.374	0.31
883.68	4.368	34.373	0.31
882.99	4.369	34.374	0.31
882.5	4.371	34.373	0.31
883.39	4.371	34.375	0.31
882.99	4.369	34.375	0.31
884.37	4.37	34.377	0.31
884.27	4.375	34.372	0.31
884.18	4.372	34.372	0.31
884.18	4.373	34.373	0.31
884.18	4.367	34.373	0.31
883.58	4.365	34.376	0.31
881.01	4.385	34.373	0.31
877.75	4.416	34.369	0.3
875.68	4.43	34.366	0.3
873.7	4.433	34.366	0.3
873.9	4.435	34.367	0.3
874.29	4.434	34.367	0.3
874.39	4.436	34.367	0.3
874.49	4.435	34.367	0.3
874.49	4.434	34.368	0.3
874.49	4.434	34.368	0.3
874.29	4.435	34.368	0.3
874.29	4.434	34.367	0.29
874.09	4.434	34.368	0.29
874.19	4.434	34.367	0.29
872.12	4.436	34.367	0.29
869.65	4.439	34.366	0.29
865.99	4.442	34.365	0.29
862.03	4.444	34.365	0.29
860.45	4.444	34.367	0.29
865.49	4.445	34.367	0.3
865.69	4.445	34.366	0.3
864.21	4.445	34.368	0.29
864.8	4.446	34.365	0.29
864.7	4.445	34.366	0.3
864.5	4.445	34.366	0.3
864.41	4.446	34.367	0.3
864.01	4.449	34.366	0.29
863.52	4.451	34.365	0.29
863.02	4.454	34.365	0.29
862.43	4.455	34.366	0.29
861.84	4.456	34.365	0.29
861.34	4.455	34.366	0.29
862.53	4.456	34.366	0.29
863.91	4.457	34.364	0.29
866.28	4.453	34.366	0.29
871.42	4.435	34.368	0.29
875.97	4.433	34.369	0.3
879.73	4.412	34.371	0.3
882.99	4.376	34.373	0.31
884.18	4.372	34.372	0.31
884.97	4.369	34.373	0.31
885.56	4.372	34.374	0.31
886.35	4.376	34.374	0.31
886.75	4.355	34.38	0.31
887.44	4.352	34.376	0.31
887.44	4.352	34.375	0.31
887.24	4.353	34.378	0.31
886.94	4.36	34.374	0.31
887.34	4.355	34.376	0.31
887.44	4.354	34.376	0.31
887.44	4.351	34.378	0.31
887.44	4.352	34.375	0.31
887.44	4.352	34.374	0.31
887.44	4.356	34.378	0.31
886.84	4.361	34.377	0.31
884.37	4.373	34.368	0.31
880.91	4.395	34.359	0.31
877.26	4.408	34.359	0.3
873.3	4.406	34.369	0.3
868.56	4.403	34.369	0.3
865	4.404	34.372	0.3
865.3	4.406	34.376	0.3
869.74	4.414	34.375	0.3
875.77	4.413	34.37	0.3
881.61	4.408	34.37	0.3
885.26	4.391	34.367	0.3
885.56	4.362	34.375	0.31
885.46	4.365	34.377	0.31
885.46	4.366	34.375	0.31
886.05	4.356	34.378	0.31
886.25	4.355	34.376	0.31
886.45	4.358	34.374	0.31
886.84	4.354	34.377	0.31
887.24	4.354	34.375	0.31
887.54	4.353	34.376	0.31
887.44	4.351	34.377	0.31
887.44	4.35	34.376	0.31
887.54	4.349	34.376	0.31
887.44	4.348	34.377	0.31
887.44	4.349	34.375	0.31
887.54	4.352	34.374	0.31
887.54	4.349	34.376	0.31
887.54	4.348	34.377	0.31
887.54	4.348	34.377	0.31
887.44	4.349	34.379	0.31
887.24	4.356	34.375	0.31
886.05	4.357	34.376	0.31
884.67	4.364	34.37	0.31
884.57	4.363	34.376	0.31
885.86	4.357	34.376	0.31
887.24	4.357	34.375	0.31
886.45	4.355	34.376	0.31
884.37	4.353	34.375	0.31
881.21	4.352	34.376	0.31
877.26	4.365	34.366	0.31
873.1	4.406	34.337	0.31
868.66	4.434	34.344	0.3
865.89	4.437	34.367	0.29
864.7	4.456	34.367	0.29
862.73	4.458	34.367	0.29
860.75	4.459	34.367	0.29
860.55	4.462	34.367	0.29
860.75	4.461	34.366	0.29
861.44	4.461	34.368	0.29
861.74	4.462	34.369	0.29
860.65	4.46	34.365	0.29
860.65	4.462	34.366	0.29
860.75	4.465	34.365	0.29
860.75	4.465	34.365	0.29
860.95	4.46	34.364	0.29
861.24	4.454	34.368	0.29
861.44	4.442	34.368	0.29
861.74	4.44	34.369	0.29
862.13	4.435	34.368	0.29
861.64	4.437	34.368	0.29
861.04	4.44	34.371	0.29
861.04	4.433	34.372	0.29
861.24	4.436	34.369	0.29
860.75	4.441	34.369	0.29
859.46	4.449	34.364	0.29
859.46	4.441	34.37	0.29
859.17	4.438	34.369	0.29
858.28	4.438	34.37	0.29
857.98	4.441	34.371	0.29
858.08	4.443	34.37	0.29
858.28	4.442	34.372	0.29
858.47	4.451	34.366	0.29
858.38	4.442	34.372	0.29
858.18	4.439	34.37	0.29
857.58	4.436	34.368	0.29
856.99	4.436	34.369	0.29
856.4	4.44	34.367	0.29
855.71	4.474	34.34	0.29
855.11	4.449	34.371	0.29
854.52	4.451	34.367	0.29
853.73	4.458	34.361	0.29
853.04	4.465	34.359	0.29
852.15	4.468	34.361	0.29
851.36	4.468	34.36	0.29
850.86	4.467	34.363	0.29
850.17	4.469	34.361	0.29
849.38	4.471	34.362	0.29
848.69	4.472	34.363	0.29
848.09	4.472	34.364	0.29
847.3	4.473	34.364	0.29
846.81	4.474	34.363	0.29
846.41	4.474	34.363	0.29
846.31	4.477	34.365	0.29
846.12	4.478	34.363	0.29
846.12	4.478	34.363	0.29
845.82	4.478	34.365	0.29
845.82	4.476	34.365	0.29
846.12	4.476	34.364	0.29
846.12	4.473	34.363	0.29
847.5	4.474	34.364	0.29
852.54	4.467	34.365	0.29
859.27	4.447	34.367	0.28
862.43	4.431	34.368	0.29
861.93	4.436	34.367	0.29
861.74	4.435	34.369	0.29
861.14	4.432	34.368	0.29
859.56	4.439	34.368	0.29
856.6	4.449	34.366	0.28
854.82	4.469	34.363	0.28
854.42	4.469	34.366	0.28
853.14	4.475	34.368	0.28
852.15	4.482	34.364	0.29
852.54	4.478	34.364	0.29
852.15	4.474	34.363	0.28
852.15	4.475	34.364	0.28
852.15	4.472	34.367	0.28
852.15	4.473	34.363	0.28
852.25	4.485	34.363	0.28
852.25	4.481	34.363	0.28
852.44	4.483	34.362	0.29
853.24	4.469	34.366	0.28
854.42	4.459	34.365	0.28
855.31	4.447	34.369	0.28
854.52	4.453	34.366	0.28
853.24	4.471	34.364	0.28
852.44	4.47	34.364	0.28
849.87	4.483	34.362	0.29
847.11	4.489	34.362	0.29
844.24	4.492	34.361	0.29
842.06	4.5	34.361	0.29
841.08	4.502	34.36	0.28
839.79	4.502	34.36	0.28
837.61	4.505	34.36	0.29
835.14	4.507	34.36	0.28
832.47	4.512	34.359	0.28
829.41	4.54	34.354	0.28
828.02	4.557	34.353	0.27
827.83	4.569	34.355	0.27
828.02	4.569	34.353	0.27
827.73	4.572	34.353	0.27
827.33	4.57	34.356	0.27
827.13	4.57	34.355	0.27
826.84	4.571	34.356	0.27
826.54	4.574	34.352	0.27
826.24	4.572	34.354	0.27
825.85	4.572	34.354	0.27
824.66	4.584	34.352	0.27
823.08	4.591	34.351	0.27
821.6	4.594	34.351	0.27
820.02	4.607	34.349	0.26
818.14	4.615	34.349	0.26
816.46	4.623	34.347	0.26
814.97	4.628	34.346	0.26
813.39	4.635	34.345	0.26
811.41	4.641	34.348	0.26
807.95	4.65	34.341	0.26
803.6	4.655	34.341	0.26
797.97	4.672	34.338	0.26
793.02	4.678	34.341	0.26
787.58	4.693	34.337	0.25
782.04	4.726	34.33	0.25
777	4.729	34.334	0.25
772.06	4.76	34.326	0.25
767.8	4.774	34.327	0.25
764.34	4.788	34.323	0.25
760.58	4.819	34.319	0.25
756.53	4.845	34.316	0.24
752.47	4.872	34.315	0.24
748.02	4.898	34.312	0.25
743.37	4.939	34.299	0.24
738.82	4.982	34.295	0.24
734.47	4.993	34.309	0.24
730.12	5.005	34.307	0.24
725.17	5.049	34.298	0.25
719.43	5.075	34.288	0.27
714.29	5.106	34.298	0.27
709.54	5.125	34.296	0.27
704.79	5.14	34.293	0.27
699.85	5.162	34.287	0.27
695.1	5.182	34.287	0.27
692.72	5.239	34.276	0.26
694.31	5.263	34.281	0.25
694.9	5.261	34.284	0.25
696.48	5.244	34.285	0.25
697.67	5.234	34.29	0.26
698.56	5.227	34.287	0.26
697.47	5.215	34.287	0.26
697.27	5.203	34.291	0.26
697.37	5.155	34.299	0.27
696.38	5.153	34.294	0.27
696.29	5.16	34.294	0.27
696.19	5.172	34.293	0.27
696.38	5.193	34.29	0.27
696.48	5.194	34.291	0.27
695.89	5.193	34.293	0.27
696.19	5.193	34.291	0.27
696.68	5.196	34.292	0.27
696.88	5.193	34.291	0.27
696.88	5.191	34.292	0.27
697.08	5.191	34.29	0.27
697.27	5.2	34.291	0.27
697.47	5.206	34.287	0.26
697.18	5.209	34.289	0.26
697.47	5.207	34.287	0.26
697.67	5.205	34.288	0.26
697.67	5.202	34.288	0.26
698.07	5.203	34.29	0.26
697.77	5.21	34.287	0.26
697.47	5.217	34.286	0.26
697.18	5.23	34.29	0.26
696.58	5.243	34.281	0.26
695.89	5.252	34.286	0.26
694.7	5.254	34.289	0.25
694.01	5.25	34.29	0.26
694.6	5.261	34.285	0.25
695.89	5.26	34.284	0.25
696.68	5.258	34.286	0.25
697.67	5.259	34.285	0.25
698.66	5.248	34.287	0.26
699.25	5.242	34.288	0.26
700.24	5.215	34.291	0.26
700.94	5.205	34.291	0.26
700.84	5.203	34.289	0.27
700.74	5.224	34.287	0.26
701.03	5.237	34.289	0.26
701.92	5.227	34.286	0.26
702.22	5.221	34.288	0.26
703.11	5.223	34.289	0.26
703.11	5.223	34.285	0.26
703.31	5.22	34.29	0.26
702.82	5.225	34.293	0.26
703.61	5.212	34.287	0.26
703.51	5.214	34.286	0.26
703.8	5.216	34.287	0.26
704.1	5.23	34.282	0.26
704.4	5.227	34.283	0.26
704.79	5.225	34.286	0.26
704	5.217	34.294	0.26
703.11	5.207	34.292	0.26
703.51	5.232	34.283	0.26
704.1	5.225	34.289	0.26
704.6	5.217	34.288	0.26
704.79	5.189	34.291	0.27
705.09	5.208	34.289	0.26
704.69	5.189	34.297	0.26
704.2	5.158	34.296	0.27
703.21	5.192	34.292	0.27
704	5.201	34.291	0.26
704.6	5.203	34.288	0.26
705.29	5.211	34.288	0.26
705.78	5.229	34.288	0.26
706.48	5.24	34.286	0.26
707.27	5.235	34.288	0.26
708.45	5.228	34.288	0.26
709.05	5.247	34.289	0.26
707.37	5.252	34.286	0.25
706.18	5.251	34.286	0.25
705.88	5.251	34.286	0.25
704.99	5.252	34.287	0.25
704.2	5.253	34.285	0.25
703.51	5.255	34.287	0.25
702.91	5.254	34.286	0.25
702.32	5.255	34.286	0.25
701.53	5.256	34.286	0.25
700.94	5.257	34.286	0.25
701.63	5.257	34.284	0.25
702.32	5.259	34.283	0.25
702.82	5.256	34.284	0.25
703.21	5.257	34.284	0.25
703.11	5.258	34.284	0.25
703.21	5.258	34.285	0.25
703.21	5.259	34.284	0.25
703.21	5.259	34.288	0.25
702.91	5.254	34.29	0.25
702.62	5.26	34.285	0.25
702.32	5.258	34.284	0.25
702.32	5.259	34.285	0.25
702.22	5.26	34.285	0.25
701.73	5.259	34.286	0.25
701.13	5.257	34.286	0.25
700.74	5.258	34.287	0.25
700.44	5.256	34.287	0.25
700.74	5.256	34.287	0.25
701.13	5.256	34.285	0.25
701.23	5.258	34.285	0.25
701.23	5.26	34.285	0.25
701.13	5.26	34.284	0.25
701.23	5.264	34.285	0.25
701.03	5.264	34.293	0.25
700.94	5.257	34.285	0.25
700.14	5.256	34.289	0.25
699.35	5.258	34.285	0.25
698.96	5.259	34.286	0.25
699.06	5.258	34.29	0.24
699.55	5.258	34.285	0.25
699.65	5.262	34.286	0.25
700.14	5.26	34.285	0.24
699.65	5.257	34.285	0.25
699.35	5.257	34.284	0.25
698.66	5.258	34.286	0.25
698.76	5.256	34.285	0.24
699.25	5.254	34.283	0.25
699.15	5.256	34.286	0.25
699.35	5.255	34.289	0.25
699.45	5.252	34.288	0.25
699.95	5.246	34.288	0.25
699.95	5.245	34.288	0.25
698.36	5.235	34.29	0.25
698.56	5.23	34.289	0.26
699.25	5.246	34.288	0.25
699.85	5.254	34.284	0.25
700.64	5.255	34.285	0.25
701.23	5.255	34.287	0.25
701.73	5.255	34.286	0.25
701.33	5.252	34.288	0.25
700.24	5.256	34.284	0.25
699.75	5.262	34.285	0.25
700.05	5.26	34.285	0.25
699.35	5.261	34.284	0.25
699.55	5.261	34.286	0.25
699.25	5.259	34.286	0.25
698.86	5.259	34.286	0.25
698.66	5.26	34.286	0.25
698.76	5.26	34.286	0.25
698.96	5.259	34.285	0.25
698.96	5.259	34.287	0.25
699.25	5.257	34.284	0.25
699.65	5.256	34.286	0.25
700.54	5.258	34.287	0.25
700.84	5.262	34.287	0.25
701.43	5.263	34.286	0.25
702.52	5.26	34.286	0.25
703.71	5.258	34.283	0.25
704.4	5.255	34.287	0.25
705.09	5.253	34.287	0.25
705.68	5.251	34.287	0.25
705.59	5.249	34.287	0.25
705.39	5.25	34.285	0.25
705.29	5.25	34.286	0.25
704.99	5.243	34.286	0.25
704.6	5.248	34.285	0.25
704	5.249	34.286	0.25
703.31	5.255	34.284	0.25
702.91	5.256	34.284	0.25
702.82	5.254	34.286	0.25
702.91	5.255	34.286	0.25
703.11	5.259	34.286	0.25
703.21	5.259	34.285	0.25
703.31	5.256	34.284	0.25
703.51	5.257	34.284	0.25
703.21	5.257	34.286	0.25
703.51	5.254	34.286	0.25
702.91	5.25	34.284	0.25
702.12	5.249	34.285	0.25
701.53	5.248	34.287	0.25
701.33	5.247	34.287	0.25
701.92	5.247	34.286	0.25
701.83	5.249	34.288	0.25
703.01	5.247	34.286	0.25
704.1	5.245	34.288	0.25
704.5	5.244	34.287	0.25
707.07	5.234	34.288	0.25
710.14	5.201	34.287	0.26
711.03	5.155	34.299	0.27
711.52	5.135	34.297	0.27
714.79	5.139	34.293	0.27
715.87	5.128	34.298	0.27
715.18	5.125	34.298	0.27
714.19	5.126	34.299	0.27
711.92	5.128	34.297	0.27
708.85	5.173	34.275	0.27
706.18	5.228	34.275	0.26
703.11	5.247	34.281	0.26
699.95	5.258	34.285	0.25
696.78	5.262	34.284	0.25
693.52	5.263	34.288	0.25
690.75	5.262	34.285	0.25
688.17	5.262	34.287	0.25
685.8	5.262	34.285	0.25
683.52	5.26	34.285	0.25
680.75	5.26	34.288	0.25
677.98	5.262	34.284	0.25
674.62	5.267	34.284	0.25
671.45	5.289	34.281	0.24
668.68	5.378	34.287	0.25
665.91	5.444	34.271	0.26
663.73	5.449	34.267	0.26
661.66	5.47	34.27	0.26
659.48	5.475	34.269	0.26
657.5	5.477	34.27	0.26
655.22	5.475	34.27	0.26
653.34	5.478	34.271	0.26
651.46	5.475	34.273	0.26
650.18	5.477	34.273	0.26
648.3	5.483	34.269	0.26
645.82	5.481	34.27	0.26
643.55	5.48	34.271	0.26
640.78	5.48	34.27	0.26
637.91	5.482	34.27	0.26
635.14	5.511	34.266	0.26
632.76	5.519	34.265	0.27
630.19	5.535	34.265	0.27
627.42	5.544	34.263	0.27
625.04	5.575	34.263	0.27
623.66	5.632	34.26	0.28
622.37	5.652	34.257	0.28
620.59	5.672	34.256	0.28
620.98	5.674	34.255	0.29
620.69	5.673	34.256	0.29
619.6	5.673	34.255	0.29
619	5.675	34.252	0.29
617.82	5.679	34.252	0.29
616.63	5.684	34.254	0.29
615.34	5.686	34.256	0.29
613.96	5.693	34.25	0.29
612.87	5.692	34.257	0.29
612.67	5.698	34.258	0.29
612.47	5.699	34.255	0.29
612.37	5.702	34.256	0.29
612.27	5.702	34.254	0.29
612.17	5.702	34.254	0.29
611.98	5.702	34.255	0.29
611.88	5.703	34.255	0.29
611.48	5.734	34.232	0.29
610.69	5.704	34.278	0.29
609.4	5.701	34.256	0.29
608.71	5.712	34.252	0.29
606.93	5.717	34.252	0.3
605.94	5.729	34.254	0.3
604.55	5.736	34.248	0.3
603.27	5.752	34.248	0.3
601.88	5.753	34.247	0.31
600.4	5.753	34.248	0.31
599.9	5.754	34.247	0.31
600	5.753	34.248	0.31
599.41	5.755	34.248	0.31
599.11	5.765	34.24	0.31
598.81	5.764	34.246	0.31
598.22	5.761	34.248	0.31
597.62	5.766	34.245	0.31
597.82	5.772	34.246	0.31
597.53	5.768	34.245	0.31
597.53	5.757	34.251	0.31
597.33	5.767	34.246	0.31
597.23	5.761	34.247	0.31
597.03	5.768	34.245	0.31
597.43	5.757	34.251	0.31
597.72	5.755	34.25	0.31
597.43	5.756	34.247	0.31
597.23	5.759	34.247	0.31
596.83	5.769	34.237	0.31
596.54	5.755	34.244	0.31
596.34	5.755	34.247	0.31
595.94	5.758	34.246	0.31
596.14	5.754	34.247	0.31
595.84	5.754	34.247	0.31
595.35	5.757	34.247	0.31
594.46	5.785	34.246	0.31
594.46	5.789	34.247	0.31
594.46	5.786	34.249	0.31
594.26	5.785	34.247	0.31
593.86	5.788	34.245	0.31
593.27	5.789	34.246	0.31
592.18	5.791	34.246	0.31
591.69	5.795	34.245	0.31
591.59	5.798	34.246	0.32
592.18	5.799	34.246	0.32
592.18	5.801	34.244	0.32
591.88	5.799	34.246	0.32
591.19	5.803	34.245	0.32
591.19	5.803	34.245	0.32
590.79	5.8	34.245	0.32
589.8	5.81	34.243	0.32
589.41	5.811	34.244	0.32
590.3	5.808	34.245	0.32
590.5	5.808	34.243	0.32
590.5	5.808	34.245	0.32
590.5	5.808	34.244	0.32
590.89	5.807	34.246	0.32
590.99	5.807	34.244	0.32
590.99	5.808	34.246	0.32
591.69	5.801	34.246	0.32
591.88	5.802	34.246	0.32
592.08	5.803	34.248	0.32
592.18	5.806	34.244	0.32
591.59	5.809	34.245	0.32
590.99	5.812	34.245	0.32
590.7	5.816	34.245	0.32
590.7	5.816	34.241	0.32
590.79	5.812	34.245	0.32
591.29	5.807	34.245	0.32
591.19	5.807	34.245	0.32
591.09	5.811	34.241	0.32
591.09	5.812	34.239	0.32
591.09	5.81	34.244	0.32
591.39	5.811	34.243	0.32
591.49	5.811	34.244	0.32
591.69	5.812	34.244	0.32
591.59	5.814	34.243	0.32
591.29	5.812	34.245	0.32
591.29	5.811	34.245	0.32
591.29	5.813	34.243	0.32
591.09	5.818	34.239	0.32
590.5	5.817	34.245	0.32
590.4	5.822	34.243	0.32
590.3	5.823	34.244	0.32
590.4	5.833	34.243	0.32
590.4	5.825	34.244	0.32
590.1	5.82	34.247	0.32
589.31	5.819	34.246	0.32
589.31	5.82	34.244	0.32
589.31	5.821	34.244	0.32
589.61	5.822	34.244	0.32
589.41	5.822	34.248	0.32
589.01	5.823	34.246	0.32
589.01	5.826	34.244	0.32
589.01	5.826	34.244	0.32
589.21	5.825	34.245	0.32
588.82	5.827	34.243	0.32
589.31	5.827	34.244	0.32
589.51	5.828	34.244	0.32
590.1	5.824	34.243	0.32
590.6	5.821	34.243	0.32
590.79	5.827	34.244	0.32
591.59	5.827	34.245	0.32
592.18	5.828	34.242	0.32
592.38	5.827	34.246	0.32
592.87	5.827	34.243	0.32
593.67	5.821	34.248	0.32
594.16	5.82	34.246	0.32
594.66	5.819	34.244	0.32
595.25	5.82	34.243	0.32
595.94	5.82	34.244	0.32
596.04	5.821	34.243	0.32
596.04	5.822	34.244	0.32
596.44	5.821	34.244	0.32
596.44	5.824	34.245	0.32
596.54	5.823	34.243	0.32
597.82	5.824	34.246	0.32
599.11	5.823	34.243	0.32
599.6	5.825	34.245	0.32
599.8	5.826	34.243	0.32
600.4	5.826	34.243	0.32
600.89	5.824	34.245	0.32
601.68	5.824	34.243	0.32
601.88	5.824	34.242	0.32
602.38	5.826	34.244	0.32
602.77	5.829	34.243	0.32
602.67	5.826	34.244	0.32
602.38	5.826	34.247	0.32
602.57	5.827	34.247	0.32
602.67	5.827	34.241	0.32
602.97	5.826	34.244	0.32
602.97	5.826	34.242	0.32
603.17	5.827	34.24	0.32
603.07	5.825	34.244	0.32
602.38	5.826	34.245	0.32
601.48	5.825	34.244	0.32
600.79	5.825	34.247	0.32
600.99	5.827	34.246	0.32
600.79	5.826	34.247	0.32
601.09	5.827	34.245	0.32
601.09	5.827	34.245	0.32
599.41	5.827	34.242	0.32
597.82	5.83	34.247	0.32
596.73	5.834	34.243	0.32
596.54	5.834	34.242	0.32
595.35	5.834	34.242	0.32
594.66	5.83	34.242	0.32
594.56	5.834	34.242	0.32
594.16	5.833	34.24	0.32
592.08	5.84	34.24	0.32
590.4	5.849	34.238	0.33
589.31	5.859	34.238	0.33
588.22	5.865	34.239	0.33
586.84	5.867	34.24	0.34
585.35	5.874	34.239	0.34
583.87	5.875	34.237	0.34
582.28	5.876	34.238	0.34
580.6	5.876	34.238	0.34
578.92	5.877	34.24	0.34
577.13	5.876	34.239	0.34
577.33	5.876	34.237	0.34
577.43	5.876	34.237	0.34
576.44	5.876	34.242	0.34
574.86	5.877	34.236	0.34
572.98	5.879	34.236	0.34
571.39	5.896	34.238	0.34
569.51	5.914	34.227	0.34
567.93	5.926	34.232	0.35
566.15	5.942	34.237	0.35
564.36	5.951	34.229	0.35
562.68	5.987	34.221	0.36
560.4	5.997	34.227	0.37
561.1	6.003	34.222	0.37
561.99	5.998	34.226	0.37
562.78	5.991	34.229	0.37
562.09	5.993	34.227	0.37
561.99	5.994	34.226	0.37
561.69	5.995	34.229	0.37
561.1	6.002	34.225	0.37
559.71	6.008	34.23	0.37
558.62	6.012	34.224	0.38
557.73	6.021	34.225	0.38
556.74	6.029	34.228	0.38
555.95	6.037	34.218	0.38
555.65	6.033	34.222	0.38
555.55	6.033	34.224	0.39
554.96	6.035	34.226	0.39
553.87	6.043	34.217	0.39
552.09	6.061	34.217	0.39
549.81	6.093	34.217	0.4
547.73	6.134	34.212	0.41
544.86	6.148	34.211	0.42
542.19	6.155	34.211	0.42
539.42	6.158	34.213	0.42
536.84	6.163	34.216	0.43
535.36	6.164	34.217	0.43
536.05	6.163	34.215	0.43
535.95	6.164	34.212	0.43
535.16	6.163	34.213	0.43
534.07	6.164	34.217	0.43
532.19	6.167	34.218	0.43
530.21	6.176	34.208	0.43
528.33	6.19	34.214	0.43
525.85	6.204	34.209	0.44
523.28	6.216	34.214	0.44
520.8	6.228	34.207	0.45
517.73	6.244	34.2	0.45
514.27	6.262	34.203	0.46
511.89	6.274	34.199	0.46
511.29	6.281	34.204	0.46
511.39	6.278	34.205	0.46
511.39	6.274	34.197	0.46
511	6.277	34.201	0.46
510.9	6.281	34.204	0.47
510.7	6.28	34.205	0.47
510.11	6.281	34.205	0.47
509.91	6.282	34.204	0.47
509.81	6.278	34.208	0.47
509.91	6.281	34.201	0.46
509.41	6.279	34.203	0.46
508.62	6.281	34.208	0.47
508.72	6.28	34.203	0.47
508.72	6.27	34.209	0.46
508.03	6.274	34.205	0.46
505.75	6.288	34.196	0.47
503.08	6.301	34.201	0.47
501.39	6.304	34.205	0.47
500.6	6.305	34.207	0.48
500.01	6.306	34.206	0.48
500.1	6.306	34.201	0.48
500.4	6.31	34.199	0.48
500.3	6.309	34.199	0.48
499.61	6.305	34.205	0.48
497.63	6.306	34.201	0.48
495.15	6.318	34.199	0.48
493.27	6.323	34.199	0.48
491.09	6.332	34.2	0.49
488.91	6.317	34.204	0.49
486.14	6.328	34.199	0.5
484.06	6.331	34.193	0.5
482.08	6.333	34.191	0.5
479.8	6.336	34.193	0.51
479.01	6.346	34.2	0.51
478.81	6.349	34.194	0.51
478.61	6.349	34.196	0.51
478.52	6.348	34.194	0.51
478.32	6.347	34.194	0.51
478.22	6.347	34.195	0.51
477.92	6.348	34.189	0.51
477.33	6.347	34.197	0.51
475.84	6.35	34.193	0.51
474.26	6.352	34.196	0.51
473.66	6.353	34.196	0.51
472.87	6.353	34.192	0.51
472.47	6.354	34.199	0.51
472.57	6.354	34.192	0.51
471.48	6.351	34.195	0.51
470.79	6.35	34.195	0.51
471.19	6.351	34.198	0.51
471.48	6.35	34.193	0.51
470.49	6.349	34.195	0.51
469.5	6.344	34.193	0.51
469.8	6.344	34.195	0.51
469.5	6.346	34.194	0.51
469.01	6.355	34.198	0.51
468.91	6.347	34.197	0.51
469.01	6.348	34.197	0.51
469.01	6.348	34.196	0.51
468.91	6.347	34.197	0.51
469.11	6.348	34.194	0.51
468.91	6.347	34.2	0.51
468.71	6.35	34.199	0.51
467.42	6.346	34.195	0.51
465.34	6.346	34.192	0.51
464.95	6.349	34.191	0.51
462.77	6.362	34.188	0.51
460.09	6.382	34.187	0.52
459.5	6.385	34.19	0.52
458.61	6.386	34.191	0.52
456.92	6.412	34.19	0.52
455.04	6.436	34.189	0.53
453.66	6.443	34.194	0.53
453.06	6.447	34.19	0.53
452.57	6.449	34.191	0.53
451.58	6.451	34.193	0.53
451.28	6.451	34.193	0.53
451.77	6.45	34.194	0.53
451.77	6.45	34.193	0.53
451.38	6.451	34.191	0.53
450.58	6.451	34.191	0.53
449.69	6.45	34.197	0.53
449.4	6.452	34.192	0.53
449.4	6.452	34.192	0.53
449	6.452	34.195	0.53
448.41	6.453	34.194	0.53
447.42	6.454	34.193	0.53
446.72	6.458	34.189	0.53
446.52	6.454	34.193	0.53
446.13	6.454	34.193	0.53
445.73	6.455	34.196	0.53
445.43	6.458	34.193	0.53
445.04	6.486	34.183	0.53
444.54	6.463	34.193	0.53
443.16	6.462	34.191	0.53
442.17	6.472	34.189	0.54
442.56	6.468	34.193	0.54
442.36	6.471	34.193	0.54
442.07	6.472	34.192	0.54
441.57	6.473	34.194	0.54
441.08	6.493	34.176	0.54
440.98	6.477	34.19	0.54
440.38	6.48	34.195	0.54
439.59	6.487	34.205	0.54
438.3	6.486	34.194	0.54
436.72	6.486	34.192	0.54
435.03	6.512	34.188	0.54
433.75	6.563	34.186	0.57
433.45	6.561	34.185	0.57
432.75	6.558	34.187	0.57
432.06	6.552	34.19	0.57
431.37	6.555	34.191	0.57
430.87	6.559	34.187	0.57
430.77	6.56	34.189	0.57
429.88	6.56	34.187	0.57
429.29	6.558	34.189	0.57
429.39	6.554	34.19	0.57
428.59	6.549	34.191	0.57
427.5	6.566	34.187	0.58
427.6	6.568	34.188	0.58
427.9	6.562	34.187	0.57
427.7	6.552	34.192	0.57
427.21	6.549	34.189	0.57
427.11	6.564	34.188	0.57
427.7	6.564	34.186	0.58
426.91	6.563	34.188	0.58
426.22	6.566	34.187	0.58
426.22	6.571	34.188	0.58
426.22	6.569	34.186	0.58
425.62	6.57	34.187	0.58
425.72	6.574	34.189	0.58
425.82	6.571	34.187	0.58
426.02	6.569	34.187	0.58
425.62	6.564	34.189	0.58
426.91	6.564	34.189	0.58
426.71	6.564	34.189	0.58
425.92	6.561	34.189	0.58
425.62	6.56	34.187	0.57
425.32	6.562	34.188	0.57
424.04	6.562	34.188	0.57
422.85	6.565	34.187	0.58
423.24	6.566	34.188	0.58
422.85	6.568	34.193	0.58
422.75	6.561	34.186	0.58
422.75	6.569	34.185	0.58
423.05	6.571	34.186	0.58
424.14	6.567	34.188	0.58
424.73	6.567	34.186	0.58
425.03	6.567	34.189	0.58
424.73	6.567	34.188	0.58
424.93	6.572	34.19	0.58
424.43	6.571	34.189	0.58
423.54	6.575	34.186	0.58
423.05	6.569	34.188	0.58
422.06	6.572	34.186	0.58
422.25	6.573	34.189	0.58
422.35	6.573	34.188	0.58
422.45	6.578	34.185	0.58
422.45	6.579	34.19	0.58
422.85	6.59	34.181	0.58
423.05	6.584	34.181	0.58
423.05	6.576	34.187	0.58
423.15	6.574	34.188	0.58
423.05	6.576	34.187	0.58
422.45	6.574	34.188	0.58
422.06	6.574	34.185	0.58
421.96	6.574	34.188	0.58
421.16	6.574	34.188	0.58
420.27	6.576	34.188	0.58
418.98	6.576	34.187	0.58
417.8	6.579	34.185	0.58
416.11	6.591	34.181	0.58
414.82	6.583	34.185	0.59
413.24	6.586	34.184	0.59
409.87	6.612	34.164	0.59
406.01	6.656	34.141	0.6
401.35	6.696	34.166	0.62
395.41	6.776	34.152	0.66
389.26	6.812	34.16	0.69
383.71	6.827	34.163	0.7
378.86	6.824	34.165	0.71
374.1	6.839	34.156	0.72
369.25	6.878	34.151	0.73
364	6.921	34.156	0.74
359.44	6.932	34.154	0.75
353.69	6.959	34.154	0.76
348.04	7.001	34.152	0.77
345.27	7	34.157	0.78
346.45	7.002	34.157	0.78
347.25	6.999	34.156	0.79
348.64	7.008	34.158	0.79
350.12	6.998	34.16	0.78
351.71	6.98	34.162	0.76
352.9	6.973	34.16	0.76
354.98	6.958	34.161	0.76
357.16	6.938	34.159	0.76
358.74	6.929	34.161	0.76
359.14	6.929	34.159	0.76
360.23	6.928	34.161	0.76
361.62	6.926	34.162	0.76
363.5	6.924	34.161	0.75
362.21	6.924	34.16	0.75
359.93	6.927	34.163	0.75
359.04	6.93	34.161	0.75
357.55	6.934	34.159	0.76
354.48	6.932	34.16	0.76
350.62	6.957	34.161	0.76
350.32	6.971	34.161	0.76
352.5	6.978	34.161	0.76
353.49	6.976	34.16	0.76
352.5	6.973	34.163	0.76
350.82	6.977	34.163	0.76
351.01	6.977	34.161	0.76
349.23	6.993	34.159	0.76
346.85	7.01	34.157	0.78
344.67	7.006	34.16	0.78
343.88	7.006	34.156	0.79
342.09	7.007	34.152	0.8
338.72	7.035	34.148	0.81
334.46	7.052	34.151	0.81
330.6	7.071	34.158	0.81
327.33	7.163	34.17	0.81
323.96	7.216	34.162	0.81
320.49	7.237	34.162	0.82
318.11	7.238	34.162	0.82
316.03	7.244	34.159	0.84
314.54	7.262	34.154	0.84
313.15	7.268	34.16	0.83
311.87	7.28	34.162	0.83
309.68	7.298	34.16	0.85
306.91	7.321	34.158	0.86
303.94	7.344	34.157	0.86
300.86	7.362	34.156	0.87
298.09	7.369	34.154	0.88
296.9	7.386	34.149	0.91
295.81	7.391	34.149	0.92
295.51	7.394	34.149	0.92
294.82	7.401	34.147	0.93
294.02	7.404	34.147	0.93
293.33	7.406	34.148	0.93
293.03	7.411	34.146	0.93
294.32	7.391	34.148	0.92
293.23	7.399	34.147	0.92
291.15	7.431	34.142	0.93
288.77	7.445	34.147	0.94
286.09	7.451	34.147	0.94
283.22	7.479	34.15	0.94
280.15	7.485	34.149	0.94
276.87	7.508	34.143	0.95
273.5	7.55	34.14	0.96
269.83	7.579	34.146	0.98
268.45	7.585	34.148	0.99
267.65	7.589	34.145	1
265.08	7.628	34.135	1.02
262.1	7.652	34.136	1.06
260.32	7.657	34.138	1.06
259.92	7.659	34.138	1.06
257.84	7.673	34.134	1.07
256.65	7.683	34.134	1.08
255.46	7.683	34.135	1.08
253.97	7.687	34.133	1.08
252.29	7.69	34.134	1.09
251.69	7.692	34.133	1.09
251.49	7.693	34.134	1.09
252.29	7.692	34.132	1.09
250.9	7.691	34.133	1.09
250.01	7.695	34.133	1.1
250.5	7.694	34.134	1.09
250.5	7.693	34.134	1.09
250.7	7.694	34.134	1.1
250.7	7.695	34.133	1.1
250.7	7.694	34.133	1.1
250.8	7.694	34.134	1.1
251.39	7.692	34.134	1.1
251.49	7.692	34.134	1.1
251.59	7.693	34.133	1.1
251.39	7.693	34.133	1.1
250.7	7.693	34.135	1.1
250.5	7.696	34.134	1.1
250.7	7.694	34.134	1.1
251.59	7.697	34.132	1.1
252.78	7.695	34.133	1.1
253.18	7.703	34.125	1.1
253.67	7.695	34.132	1.09
254.17	7.697	34.131	1.1
254.47	7.697	34.13	1.1
254.67	7.695	34.132	1.1
254.27	7.694	34.135	1.1
253.58	7.692	34.135	1.1
253.48	7.695	34.138	1.09
253.08	7.693	34.133	1.1
252.58	7.69	34.135	1.09
251.99	7.698	34.132	1.1
251.39	7.699	34.132	1.1
250.8	7.703	34.131	1.11
250.2	7.703	34.132	1.11
249.81	7.704	34.132	1.11
249.91	7.706	34.131	1.11
251.1	7.703	34.132	1.11
251.39	7.702	34.13	1.11
251.3	7.704	34.133	1.11
251.39	7.707	34.131	1.11
251.3	7.701	34.133	1.11
251	7.704	34.132	1.11
251.2	7.7	34.135	1.11
251.1	7.701	34.132	1.11
251.49	7.711	34.13	1.11
252.48	7.71	34.125	1.11
252.78	7.704	34.132	1.11
252.68	7.706	34.13	1.11
251.89	7.707	34.131	1.11
251.1	7.718	34.128	1.12
250.8	7.718	34.13	1.12
250.7	7.719	34.128	1.12
250.5	7.721	34.129	1.12
250.3	7.741	34.125	1.14
249.91	7.744	34.128	1.14
249.41	7.745	34.127	1.14
249.91	7.749	34.125	1.14
249.61	7.741	34.129	1.14
249.51	7.744	34.127	1.14
249.81	7.741	34.128	1.14
250.5	7.74	34.125	1.14
250.6	7.741	34.127	1.14
250.5	7.743	34.126	1.14
250.6	7.741	34.129	1.14
250.01	7.728	34.128	1.13
250.5	7.727	34.13	1.13
249.81	7.742	34.128	1.14
249.51	7.748	34.13	1.14
249.61	7.751	34.126	1.15
249.41	7.753	34.126	1.15
249.21	7.758	34.125	1.15
248.82	7.76	34.126	1.16
248.42	7.762	34.124	1.16
249.11	7.762	34.124	1.16
249.31	7.762	34.125	1.16
249.61	7.76	34.125	1.16
249.61	7.761	34.125	1.16
249.61	7.761	34.126	1.16
249.11	7.763	34.126	1.16
249.11	7.763	34.125	1.16
248.72	7.761	34.126	1.16
248.42	7.768	34.125	1.17
247.73	7.77	34.128	1.16
247.63	7.776	34.122	1.17
247.82	7.801	34.118	1.19
247.92	7.8	34.121	1.19
248.72	7.804	34.117	1.19
249.01	7.804	34.117	1.19
249.21	7.798	34.122	1.19
249.01	7.799	34.122	1.19
249.41	7.794	34.123	1.19
250.2	7.792	34.122	1.18
251.99	7.782	34.125	1.18
252.48	7.772	34.125	1.17
252.19	7.771	34.125	1.17
251.69	7.775	34.123	1.17
251.39	7.779	34.124	1.17
251.1	7.782	34.123	1.18
250.8	7.784	34.122	1.18
251.2	7.785	34.123	1.18
251.79	7.784	34.124	1.18
252.29	7.777	34.123	1.17
251.79	7.771	34.124	1.17
251.39	7.775	34.123	1.17
251.2	7.779	34.124	1.17
250.7	7.784	34.122	1.18
250.7	7.783	34.123	1.18
250.9	7.782	34.124	1.18
250.9	7.782	34.123	1.18
250.7	7.782	34.123	1.18
251	7.78	34.123	1.18
250.6	7.778	34.123	1.18
250.3	7.777	34.123	1.17
249.91	7.78	34.122	1.18
249.51	7.786	34.121	1.18
249.61	7.793	34.121	1.18
249.21	7.792	34.123	1.18
249.41	7.793	34.122	1.19
249.71	7.781	34.123	1.18
250.11	7.778	34.124	1.18
249.61	7.781	34.124	1.18
249.11	7.781	34.124	1.18
248.32	7.779	34.124	1.18
247.63	7.782	34.123	1.18
247.03	7.784	34.124	1.18
246.44	7.785	34.123	1.18
246.04	7.786	34.122	1.18
245.74	7.787	34.124	1.18
244.75	7.793	34.122	1.18
243.76	7.804	34.117	1.19
242.67	7.813	34.118	1.2
242.07	7.821	34.117	1.21
241.88	7.822	34.117	1.21
241.58	7.822	34.119	1.21
240.09	7.827	34.118	1.21
238.8	7.828	34.117	1.21
236.22	7.83	34.118	1.21
233.05	7.845	34.11	1.22
229.58	7.87	34.109	1.24
225.91	7.9	34.11	1.26
223.04	7.923	34.109	1.26
220.26	7.938	34.108	1.27
216.39	7.959	34.101	1.3
213.81	7.994	34.095	1.34
210.74	8.033	34.092	1.36
207.37	8.059	34.093	1.39
206.77	8.059	34.094	1.39
206.18	8.058	34.094	1.39
205.19	8.06	34.094	1.39
204.19	8.06	34.096	1.39
203.5	8.06	34.09	1.39
203.7	8.058	34.094	1.4
203	8.06	34.093	1.39
201.62	8.065	34.091	1.4
200.33	8.068	34.09	1.4
199.04	8.07	34.089	1.4
199.04	8.066	34.092	1.4
198.74	8.071	34.091	1.4
197.75	8.079	34.09	1.41
195.86	8.09	34.087	1.42
193.29	8.104	34.082	1.42
190.61	8.105	34.087	1.43
186.44	8.121	34.08	1.43
181.48	8.152	34.083	1.44
175.33	8.17	34.093	1.45
168.29	8.224	34.106	1.46
161.15	8.288	34.089	1.48
153.91	8.407	34.092	1.51
147.46	8.478	34.069	1.54
142.01	8.549	34.057	1.55
136.75	8.564	34.054	1.56
131.79	8.62	34.057	1.57
127.32	8.686	34.028	1.61
122.66	8.738	34.017	1.7
118.39	8.737	34.015	1.78
113.93	8.742	34.003	1.83
109.86	8.76	33.973	1.95
105.6	8.806	33.949	2.01
101.23	8.9	33.939	2.05
97.16	8.913	33.948	2.06
92.6	8.931	33.936	2.06
87.64	9.008	33.907	2.09
82.58	9.158	33.854	2.18
77.71	9.303	33.814	2.31
72.65	9.355	33.824	2.52
68.68	9.396	33.819	2.63
65.31	9.419	33.811	2.71
61.84	9.425	33.805	2.74
58.56	9.433	33.787	2.74
55.19	9.433	33.761	2.71
51.81	9.429	33.723	2.68
48.64	9.445	33.71	2.67
45.56	9.485	33.7	2.68
42.38	9.615	33.682	2.78
40.1	9.707	33.666	2.91
39.6	9.764	33.648	2.95
39.9	9.754	33.654	2.98
40.5	9.696	33.673	2.93
40.3	9.682	33.676	2.92
40.5	9.67	33.678	2.9
40.1	9.686	33.676	2.91
39.11	9.698	33.672	2.92
37.52	9.797	33.647	2.96
35.44	9.943	33.639	3.19
34.15	10.066	33.66	3.46
34.84	9.976	33.649	3.43
34.74	9.915	33.648	3.26
34.64	9.917	33.646	3.23
33.45	10.05	33.665	3.36
31.07	10.177	33.675	3.64
29.68	10.189	33.677	3.69
27.69	10.239	33.669	3.72
26.6	10.294	33.669	3.8
27.2	10.28	33.672	3.8
26.9	10.303	33.67	3.82
25.31	10.336	33.665	3.85
22.73	10.365	33.659	3.87
19.75	10.384	33.657	3.9
17.07	10.415	33.648	3.9
14.69	10.546	33.609	3.93
12.41	10.784	33.576	4.15
11.81	10.831	33.601	4.37
12.51	10.813	33.604	4.37
8.54	11.289	33.442	4.58
