2.98	14.276	33.005	5.8
7.84	14.278	33.011	5.79
13.9	14.278	33.014	5.79
12.51	14.276	33.015	5.78
12.01	14.277	33.014	5.79
16.38	14.276	33.015	5.78
17.57	14.271	33.017	5.77
20.75	14.265	33.016	5.77
20.55	14.266	33.015	5.77
24.02	14.249	33.018	5.76
26.7	14.235	33.017	5.75
30.77	14.208	33.023	5.73
29.68	14.215	33.023	5.73
33.45	14.204	33.022	5.73
36.73	14.19	33.018	5.72
36.73	14.127	33.035	5.69
39.01	14.083	33.037	5.65
41.19	14.075	33.024	5.64
43.08	13.932	33.024	5.6
46.35	13.444	33.031	5.41
51.42	12.854	33.159	4.95
55.09	12.397	33.154	4.68
59.95	12.166	33.232	4.45
64.71	12.064	33.231	4.38
70.07	11.731	33.301	4.15
74.64	11.615	33.319	4.02
79.4	11.065	33.303	3.85
84.66	10.392	33.463	3.57
89.03	10.091	33.539	3.31
93.99	9.893	33.578	3.19
99.84	9.722	33.642	3.04
107.58	9.547	33.691	2.92
114.13	9.513	33.707	2.85
118.99	9.387	33.746	2.78
123.16	9.27	33.787	2.7
127.12	9.239	33.817	2.64
130.4	9.18	33.852	2.57
132.68	9.147	33.874	2.52
134.07	9.141	33.88	2.51
133.87	9.143	33.875	2.5
135.26	9.139	33.872	2.5
137.74	9.135	33.878	2.5
140.42	9.123	33.885	2.48
142.6	9.121	33.885	2.47
143.89	9.121	33.888	2.47
145.77	9.119	33.888	2.46
147.56	9.119	33.893	2.46
148.75	9.118	33.891	2.46
149.74	9.117	33.892	2.45
149.64	9.117	33.891	2.45
149.35	9.12	33.89	2.45
148.95	9.125	33.887	2.45
148.85	9.125	33.89	2.45
148.85	9.154	33.884	2.45
148.75	9.127	33.886	2.45
148.45	9.121	33.892	2.45
148.35	9.12	33.89	2.45
149.15	9.107	33.899	2.44
150.44	9.104	33.899	2.44
151.92	9.102	33.901	2.43
153.51	9.099	33.904	2.43
155.6	9.094	33.907	2.42
155.99	9.092	33.909	2.42
157.28	9.093	33.908	2.41
157.48	9.095	33.907	2.41
157.38	9.095	33.907	2.42
156.98	9.093	33.909	2.41
156.79	9.096	33.908	2.41
156.29	9.098	33.906	2.41
155.99	9.105	33.906	2.41
155.69	9.102	33.902	2.41
155.4	9.098	33.908	2.41
155.1	9.095	33.908	2.41
154.7	9.098	33.907	2.41
154.4	9.098	33.907	2.41
154.01	9.099	33.905	2.41
153.61	9.107	33.902	2.41
153.31	9.097	33.907	2.41
153.91	9.086	33.911	2.41
155.5	9.066	33.926	2.39
157.08	9.053	33.933	2.37
158.97	9.037	33.941	2.35
161.45	9.014	33.952	2.31
163.63	9.005	33.956	2.29
165.61	9	33.96	2.28
167.6	8.988	33.968	2.25
169.48	8.978	33.986	2.19
171.37	8.977	33.993	2.15
173.65	8.974	33.997	2.13
175.83	8.969	34.002	2.11
178.41	8.963	34.006	2.1
180.99	8.949	34.015	2.07
183.57	8.929	34.024	2.04
186.05	8.902	34.036	1.99
188.43	8.886	34.042	1.96
190.31	8.871	34.048	1.93
192.19	8.864	34.053	1.91
194.28	8.854	34.051	1.91
196.56	8.842	34.052	1.89
198.54	8.833	34.053	1.88
200.92	8.818	34.056	1.87
203.3	8.814	34.056	1.87
205.48	8.811	34.056	1.87
207.67	8.806	34.056	1.86
208.86	8.801	34.058	1.86
209.15	8.796	34.059	1.85
209.35	8.793	34.059	1.85
209.45	8.791	34.062	1.85
209.55	8.791	34.063	1.85
209.55	8.791	34.06	1.85
209.65	8.791	34.061	1.84
209.55	8.79	34.06	1.84
209.65	8.791	34.059	1.84
209.45	8.807	34.055	1.84
209.35	8.828	34.073	1.84
209.25	8.819	34.062	1.84
209.05	8.808	34.063	1.84
208.95	8.803	34.06	1.85
208.76	8.807	34.059	1.84
209.15	8.8	34.055	1.85
211.24	8.771	34.062	1.83
213.91	8.737	34.06	1.82
216.89	8.711	34.065	1.81
219.57	8.686	34.067	1.8
222.24	8.632	34.069	1.78
224.33	8.607	34.072	1.77
226.41	8.548	34.08	1.74
228.09	8.54	34.086	1.71
229.68	8.505	34.089	1.69
231.46	8.454	34.101	1.64
233.15	8.445	34.104	1.63
235.13	8.439	34.104	1.62
237.02	8.436	34.106	1.62
239	8.436	34.103	1.62
240.98	8.427	34.103	1.62
242.97	8.409	34.105	1.61
245.15	8.382	34.105	1.61
247.13	8.361	34.11	1.6
249.11	8.346	34.11	1.59
251.2	8.341	34.108	1.59
253.08	8.331	34.109	1.58
254.86	8.304	34.109	1.57
256.35	8.267	34.112	1.55
258.53	8.233	34.108	1.55
260.71	8.214	34.113	1.54
262.8	8.216	34.111	1.54
264.68	8.216	34.109	1.54
266.96	8.216	34.114	1.54
268.94	8.22	34.113	1.54
271.42	8.205	34.11	1.53
273.9	8.2	34.113	1.53
276.48	8.179	34.113	1.52
277.27	8.176	34.114	1.52
276.77	8.175	34.112	1.52
278.76	8.168	34.113	1.52
281.14	8.128	34.11	1.5
283.12	8.071	34.117	1.47
285	8.055	34.12	1.45
285.89	8.053	34.122	1.44
285.89	8.057	34.121	1.44
286.29	8.052	34.121	1.44
287.48	8.02	34.123	1.42
288.77	7.985	34.127	1.41
290.75	7.98	34.127	1.4
292.64	7.977	34.127	1.4
294.82	7.942	34.126	1.38
297.2	7.913	34.131	1.36
298.58	7.913	34.13	1.36
298.88	7.909	34.13	1.36
299.28	7.905	34.13	1.36
299.67	7.894	34.13	1.35
299.97	7.885	34.133	1.35
300.47	7.872	34.138	1.35
300.96	7.871	34.131	1.34
301.26	7.867	34.134	1.34
301.76	7.863	34.134	1.34
302.05	7.866	34.135	1.34
302.45	7.859	34.127	1.34
302.85	7.851	34.126	1.33
303.24	7.833	34.134	1.32
303.64	7.833	34.137	1.32
304.03	7.83	34.133	1.32
304.43	7.825	34.136	1.32
304.93	7.82	34.136	1.32
305.42	7.815	34.135	1.31
306.02	7.807	34.135	1.31
306.51	7.795	34.136	1.3
307.11	7.791	34.137	1.3
308.5	7.784	34.136	1.3
308.69	7.783	34.134	1.29
309.09	7.768	34.139	1.29
309.49	7.755	34.14	1.29
310.78	7.742	34.135	1.28
313.15	7.692	34.139	1.26
316.03	7.652	34.142	1.24
319	7.633	34.141	1.23
321.78	7.595	34.142	1.21
324.55	7.569	34.147	1.19
327.03	7.525	34.148	1.18
329.81	7.504	34.153	1.15
332.28	7.496	34.15	1.15
334.96	7.482	34.151	1.15
337.34	7.465	34.153	1.13
340.01	7.446	34.155	1.12
342.49	7.43	34.155	1.12
344.77	7.409	34.156	1.1
346.55	7.401	34.156	1.1
348.14	7.389	34.156	1.09
349.63	7.376	34.157	1.08
350.82	7.362	34.159	1.07
351.81	7.337	34.161	1.06
353.19	7.306	34.163	1.03
354.68	7.289	34.164	1.02
355.37	7.288	34.161	1.01
353.29	7.295	34.162	1.02
352.9	7.295	34.164	1.02
354.18	7.287	34.166	1.01
355.67	7.281	34.164	1.01
357.36	7.26	34.164	1
359.34	7.238	34.168	0.98
360.82	7.232	34.168	0.98
363.1	7.229	34.168	0.97
365.18	7.222	34.168	0.97
366.27	7.198	34.17	0.95
367.07	7.178	34.174	0.94
368.85	7.174	34.172	0.94
370.54	7.17	34.173	0.94
372.32	7.161	34.172	0.93
374.4	7.147	34.176	0.92
376.58	7.139	34.177	0.91
379.16	7.132	34.179	0.91
381.93	7.109	34.175	0.9
384.41	7.073	34.18	0.88
386.88	7.051	34.179	0.87
388.67	7.028	34.182	0.86
390.45	7.01	34.183	0.85
392.53	7.006	34.183	0.84
394.51	6.981	34.183	0.84
395.31	6.974	34.186	0.83
395.7	6.969	34.181	0.83
397.09	6.959	34.182	0.82
398.68	6.947	34.186	0.81
400.56	6.933	34.186	0.81
403.03	6.925	34.187	0.8
405.02	6.923	34.187	0.8
406.5	6.923	34.188	0.8
407.39	6.926	34.184	0.8
408.48	6.924	34.185	0.8
409.67	6.911	34.184	0.79
410.46	6.899	34.186	0.78
409.38	6.905	34.186	0.78
407.29	6.91	34.186	0.79
404.62	6.912	34.187	0.79
404.22	6.918	34.189	0.79
404.12	6.919	34.188	0.79
404.52	6.92	34.188	0.79
405.41	6.921	34.188	0.79
406.11	6.923	34.187	0.79
406.9	6.921	34.187	0.79
407.89	6.919	34.187	0.79
408.78	6.912	34.189	0.79
409.57	6.91	34.186	0.79
410.37	6.898	34.187	0.79
412.74	6.882	34.187	0.78
415.02	6.855	34.188	0.77
416.9	6.826	34.191	0.75
419.38	6.82	34.19	0.75
421.07	6.806	34.191	0.75
422.45	6.791	34.191	0.74
422.85	6.793	34.192	0.74
423.34	6.798	34.19	0.74
423.64	6.804	34.189	0.74
424.04	6.793	34.191	0.74
424.93	6.788	34.19	0.73
425.32	6.78	34.194	0.73
426.41	6.765	34.189	0.73
428	6.747	34.192	0.72
428.4	6.748	34.194	0.72
428.99	6.75	34.193	0.72
431.37	6.743	34.191	0.72
433.55	6.713	34.193	0.71
436.32	6.655	34.202	0.68
438.8	6.635	34.204	0.65
441.27	6.627	34.205	0.65
443.85	6.619	34.207	0.64
445.63	6.616	34.209	0.64
448.01	6.597	34.21	0.63
449.5	6.583	34.211	0.61
451.77	6.57	34.214	0.61
453.95	6.562	34.214	0.6
456.03	6.557	34.218	0.6
458.31	6.55	34.216	0.6
460.69	6.535	34.217	0.59
462.57	6.525	34.219	0.59
464.85	6.514	34.221	0.58
466.43	6.51	34.219	0.57
468.02	6.505	34.222	0.57
470.39	6.496	34.222	0.57
472.67	6.49	34.222	0.56
474.55	6.48	34.221	0.56
476.63	6.438	34.222	0.55
478.61	6.429	34.229	0.54
480.79	6.424	34.23	0.54
483.67	6.416	34.228	0.53
486.24	6.398	34.229	0.53
488.22	6.386	34.23	0.52
489.41	6.384	34.231	0.52
490.89	6.363	34.231	0.51
492.78	6.326	34.236	0.49
494.06	6.324	34.235	0.49
494.46	6.324	34.235	0.49
495.85	6.321	34.238	0.48
496.84	6.321	34.241	0.48
498.42	6.309	34.235	0.48
499.61	6.299	34.235	0.48
500.3	6.288	34.238	0.48
502.28	6.25	34.239	0.47
503.77	6.24	34.241	0.46
505.55	6.237	34.242	0.46
507.63	6.235	34.242	0.46
509.81	6.207	34.244	0.46
511.69	6.188	34.245	0.45
513.97	6.172	34.242	0.44
516.44	6.148	34.247	0.43
518.23	6.143	34.246	0.43
520.01	6.127	34.249	0.42
521.69	6.114	34.248	0.42
523.47	6.1	34.254	0.41
524.76	6.067	34.254	0.41
526.64	6.051	34.253	0.4
528.72	6.048	34.254	0.4
530.7	6.043	34.254	0.39
532.68	6.035	34.253	0.39
534.76	6.014	34.257	0.39
536.54	6.007	34.256	0.38
538.43	6.004	34.256	0.38
538.33	6.007	34.255	0.38
538.33	6.004	34.258	0.38
538.33	6.001	34.257	0.38
538.13	6.007	34.255	0.38
537.83	6.01	34.257	0.38
537.63	6.011	34.261	0.38
537.63	6.006	34.26	0.38
537.53	6.012	34.253	0.38
537.53	6.012	34.256	0.38
537.44	6.01	34.257	0.38
537.44	6.009	34.259	0.38
537.34	6.008	34.259	0.38
537.34	6.008	34.254	0.38
537.34	6.014	34.253	0.38
536.15	6.024	34.249	0.38
535.95	6.006	34.26	0.38
537.63	5.993	34.257	0.38
539.42	5.989	34.258	0.38
541.3	5.981	34.257	0.38
543.28	5.957	34.258	0.37
544.86	5.934	34.262	0.36
545.75	5.926	34.263	0.36
546.74	5.925	34.264	0.36
547.63	5.924	34.261	0.36
548.82	5.921	34.261	0.36
550.31	5.905	34.263	0.36
551.99	5.891	34.265	0.35
553.87	5.887	34.264	0.35
555.65	5.872	34.263	0.35
557.63	5.851	34.267	0.34
559.51	5.84	34.27	0.34
561.2	5.83	34.267	0.34
562.98	5.809	34.269	0.34
564.76	5.804	34.27	0.34
565.35	5.807	34.269	0.34
565.06	5.807	34.271	0.34
566.74	5.804	34.27	0.34
568.52	5.801	34.269	0.34
570.4	5.794	34.269	0.34
572.18	5.784	34.272	0.33
573.87	5.786	34.274	0.33
575.35	5.78	34.276	0.33
576.94	5.776	34.277	0.33
578.52	5.772	34.278	0.32
579.71	5.771	34.276	0.32
579.91	5.772	34.279	0.32
580.2	5.771	34.275	0.32
580.4	5.768	34.281	0.32
580.5	5.769	34.277	0.32
580.5	5.769	34.279	0.32
580.6	5.771	34.278	0.32
580.9	5.77	34.279	0.32
581.39	5.767	34.279	0.32
581.69	5.773	34.278	0.32
582.18	5.769	34.279	0.32
584.95	5.758	34.279	0.32
587.43	5.749	34.281	0.32
588.22	5.742	34.284	0.32
589.41	5.739	34.282	0.32
590.89	5.737	34.283	0.32
592.28	5.733	34.282	0.32
593.96	5.711	34.283	0.33
596.14	5.67	34.28	0.33
598.42	5.584	34.285	0.3
600	5.572	34.291	0.3
600.79	5.571	34.289	0.3
602.38	5.567	34.29	0.3
604.06	5.575	34.293	0.31
605.74	5.567	34.294	0.31
607.52	5.543	34.291	0.3
609.8	5.49	34.288	0.29
611.88	5.461	34.282	0.28
612.37	5.47	34.29	0.28
612.37	5.469	34.286	0.28
613.66	5.419	34.279	0.27
614.85	5.398	34.289	0.27
614.65	5.412	34.282	0.27
614.75	5.407	34.292	0.27
614.75	5.412	34.286	0.27
614.75	5.419	34.286	0.27
614.75	5.426	34.278	0.27
614.55	5.415	34.281	0.27
614.45	5.418	34.28	0.27
614.45	5.418	34.285	0.27
614.45	5.462	34.265	0.27
614.35	5.469	34.276	0.27
614.25	5.448	34.29	0.27
613.96	5.447	34.282	0.27
613.86	5.437	34.283	0.27
613.66	5.424	34.286	0.27
613.16	5.418	34.289	0.27
612.57	5.431	34.286	0.27
612.17	5.435	34.286	0.27
611.78	5.452	34.281	0.27
611.68	5.465	34.265	0.27
611.48	5.456	34.278	0.27
611.28	5.453	34.287	0.27
611.28	5.45	34.286	0.27
611.18	5.449	34.286	0.27
611.28	5.452	34.294	0.27
611.18	5.485	34.274	0.28
611.38	5.515	34.246	0.28
611.48	5.492	34.271	0.28
611.58	5.502	34.258	0.28
611.68	5.483	34.247	0.27
611.68	5.442	34.283	0.27
611.78	5.444	34.281	0.27
611.78	5.45	34.279	0.27
611.88	5.454	34.282	0.27
611.98	5.458	34.281	0.27
611.88	5.502	34.261	0.27
611.98	5.517	34.245	0.28
611.98	5.482	34.273	0.28
611.88	5.464	34.279	0.28
611.78	5.457	34.288	0.28
610.99	5.458	34.29	0.28
610.59	5.464	34.29	0.28
610.99	5.459	34.287	0.28
611.48	5.433	34.289	0.27
611.78	5.432	34.29	0.27
612.37	5.404	34.287	0.27
613.16	5.435	34.276	0.27
614.05	5.41	34.286	0.27
614.75	5.381	34.291	0.26
614.55	5.38	34.292	0.26
614.25	5.383	34.288	0.26
615.04	5.364	34.29	0.26
616.03	5.359	34.29	0.26
616.83	5.356	34.293	0.26
617.02	5.356	34.293	0.26
615.64	5.356	34.294	0.26
614.95	5.36	34.294	0.26
614.55	5.363	34.291	0.26
614.55	5.363	34.289	0.26
614.55	5.362	34.288	0.26
614.75	5.358	34.291	0.26
614.95	5.358	34.292	0.26
615.44	5.356	34.291	0.26
616.63	5.355	34.289	0.26
617.91	5.353	34.29	0.26
619.2	5.35	34.294	0.26
619.7	5.345	34.293	0.26
618.71	5.348	34.293	0.26
618.61	5.344	34.291	0.26
619.89	5.33	34.294	0.26
620.88	5.319	34.295	0.26
621.87	5.312	34.297	0.26
622.76	5.309	34.296	0.26
623.66	5.302	34.298	0.26
624.35	5.298	34.299	0.26
624.94	5.297	34.299	0.25
625.83	5.29	34.298	0.25
626.92	5.288	34.299	0.25
628.01	5.288	34.299	0.25
629.1	5.289	34.299	0.25
629.1	5.289	34.299	0.25
629.4	5.287	34.296	0.25
630.38	5.28	34.306	0.25
631.87	5.271	34.303	0.25
633.35	5.267	34.304	0.25
634.94	5.267	34.305	0.25
636.72	5.26	34.307	0.25
638.7	5.265	34.311	0.25
639.79	5.262	34.313	0.25
640.87	5.26	34.311	0.25
642.36	5.243	34.311	0.25
644.04	5.228	34.31	0.24
645.63	5.223	34.31	0.24
647.21	5.224	34.312	0.24
648.69	5.223	34.311	0.24
650.47	5.213	34.312	0.24
651.66	5.204	34.306	0.24
652.65	5.193	34.309	0.24
654.14	5.184	34.308	0.24
655.92	5.181	34.31	0.24
657.6	5.17	34.309	0.24
659.08	5.164	34.31	0.24
660.57	5.161	34.309	0.24
662.15	5.16	34.311	0.24
662.65	5.159	34.312	0.24
663.44	5.16	34.312	0.24
664.92	5.163	34.313	0.24
664.92	5.164	34.314	0.24
664.92	5.183	34.31	0.24
665.22	5.163	34.314	0.24
666.5	5.143	34.315	0.24
667.79	5.116	34.313	0.24
669.77	5.094	34.313	0.23
671.55	5.09	34.317	0.23
671.55	5.092	34.316	0.23
671.15	5.094	34.315	0.23
671.85	5.091	34.313	0.23
673.23	5.087	34.316	0.23
674.91	5.08	34.316	0.23
675.9	5.079	34.317	0.23
676.1	5.084	34.315	0.23
676.79	5.079	34.317	0.23
678.38	5.074	34.317	0.23
679.47	5.07	34.32	0.23
679.57	5.07	34.319	0.23
678.77	5.071	34.318	0.23
678.67	5.071	34.318	0.23
679.86	5.067	34.322	0.23
681.35	5.065	34.32	0.23
682.53	5.065	34.321	0.23
683.03	5.064	34.322	0.23
682.73	5.065	34.321	0.23
683.92	5.062	34.321	0.23
685.11	5.06	34.32	0.23
685.4	5.07	34.321	0.23
685.7	5.065	34.321	0.23
685.9	5.061	34.32	0.23
686.29	5.058	34.322	0.23
687.38	5.055	34.321	0.23
688.77	5.049	34.322	0.23
689.85	5.047	34.323	0.23
691.34	5.042	34.321	0.23
692.92	5.032	34.323	0.23
693.52	5.033	34.325	0.23
695	5.022	34.325	0.23
695.89	5.022	34.327	0.23
696.29	5.022	34.324	0.23
696.38	5.023	34.326	0.23
696.29	5.023	34.326	0.23
695.99	5.024	34.328	0.23
695.3	5.023	34.327	0.23
695.89	5.023	34.327	0.23
696.68	5.022	34.325	0.23
697.77	5.021	34.325	0.23
699.15	5.02	34.325	0.23
700.44	5.017	34.325	0.23
701.43	5.004	34.33	0.23
701.63	5.003	34.329	0.23
702.22	5.001	34.332	0.23
701.03	5.011	34.326	0.23
700.24	5.016	34.327	0.23
700.54	5.007	34.327	0.23
702.12	5.002	34.329	0.23
704.5	5	34.33	0.23
705.98	4.993	34.331	0.23
706.77	4.993	34.331	0.23
706.77	4.992	34.331	0.23
708.45	4.988	34.33	0.23
710.14	4.986	34.332	0.23
711.42	4.985	34.331	0.23
712.41	4.983	34.333	0.23
713.6	4.982	34.334	0.23
714.98	4.981	34.334	0.23
716.37	4.979	34.335	0.23
717.85	4.978	34.337	0.23
719.34	4.968	34.338	0.24
720.92	4.949	34.339	0.24
722.8	4.946	34.341	0.24
724.38	4.943	34.342	0.24
726.16	4.933	34.343	0.24
727.74	4.924	34.342	0.24
727.74	4.927	34.34	0.24
727.65	4.927	34.34	0.24
728.63	4.916	34.34	0.24
730.12	4.903	34.342	0.24
731.6	4.896	34.345	0.24
732.89	4.884	34.343	0.24
734.17	4.875	34.345	0.24
735.46	4.87	34.346	0.24
736.75	4.868	34.345	0.24
738.33	4.86	34.346	0.24
739.81	4.855	34.344	0.24
741.39	4.849	34.347	0.24
742.88	4.844	34.345	0.24
744.56	4.831	34.346	0.24
746.34	4.809	34.349	0.24
748.02	4.791	34.351	0.24
748.52	4.795	34.351	0.24
748.42	4.796	34.351	0.24
748.52	4.796	34.352	0.24
749.7	4.788	34.352	0.24
751.98	4.784	34.354	0.25
754.55	4.783	34.354	0.25
756.82	4.768	34.355	0.26
758.41	4.754	34.36	0.26
759.4	4.748	34.359	0.26
760.48	4.746	34.358	0.27
761.67	4.746	34.361	0.27
763.06	4.743	34.359	0.27
764.44	4.742	34.358	0.27
765.92	4.739	34.355	0.27
767.31	4.734	34.358	0.27
768.1	4.732	34.358	0.27
769.78	4.727	34.361	0.27
771.76	4.722	34.363	0.27
773.93	4.721	34.362	0.27
775.81	4.72	34.362	0.27
777.49	4.718	34.362	0.27
779.37	4.716	34.363	0.27
781.15	4.713	34.362	0.27
782.84	4.71	34.363	0.27
782.84	4.711	34.363	0.27
782.54	4.711	34.363	0.27
783.53	4.711	34.362	0.27
784.52	4.708	34.366	0.27
786.49	4.705	34.364	0.27
788.37	4.697	34.362	0.27
790.25	4.685	34.366	0.27
791.64	4.68	34.365	0.27
793.42	4.677	34.363	0.26
795.2	4.664	34.365	0.27
796.98	4.648	34.368	0.27
798.66	4.639	34.371	0.27
800.54	4.621	34.366	0.27
802.02	4.602	34.373	0.27
803.4	4.601	34.372	0.28
804.89	4.596	34.373	0.28
805.08	4.595	34.373	0.28
805.08	4.595	34.37	0.28
804.99	4.601	34.366	0.28
804.79	4.599	34.374	0.28
805.48	4.596	34.369	0.28
807.06	4.59	34.371	0.29
808.74	4.59	34.372	0.29
810.13	4.589	34.371	0.29
810.23	4.59	34.373	0.29
811.51	4.585	34.374	0.29
812.9	4.584	34.377	0.3
814.38	4.582	34.372	0.3
815.96	4.577	34.374	0.3
817.35	4.572	34.375	0.31
818.73	4.569	34.375	0.31
819.92	4.566	34.376	0.31
820.91	4.567	34.375	0.31
821.6	4.566	34.375	0.31
821.99	4.565	34.378	0.31
822.49	4.56	34.38	0.32
822.49	4.562	34.376	0.32
822.69	4.563	34.372	0.32
823.28	4.559	34.372	0.32
824.86	4.535	34.374	0.34
826.94	4.53	34.378	0.35
828.91	4.52	34.379	0.36
830.79	4.517	34.381	0.37
832.47	4.515	34.381	0.37
833.36	4.515	34.381	0.37
834.25	4.518	34.379	0.37
834.25	4.518	34.38	0.37
833.86	4.519	34.379	0.37
833.86	4.521	34.377	0.37
833.56	4.529	34.372	0.37
833.46	4.522	34.376	0.37
833.26	4.522	34.376	0.37
832.87	4.523	34.38	0.37
832.97	4.52	34.376	0.37
833.86	4.517	34.377	0.37
834.65	4.517	34.382	0.37
835.34	4.517	34.378	0.37
836.33	4.51	34.38	0.37
837.61	4.495	34.381	0.38
839.1	4.483	34.382	0.4
840.58	4.472	34.384	0.41
842.26	4.445	34.387	0.42
843.94	4.429	34.388	0.42
845.62	4.428	34.388	0.42
847.4	4.427	34.387	0.42
848	4.423	34.391	0.42
849.38	4.412	34.387	0.42
850.66	4.41	34.389	0.42
852.54	4.4	34.389	0.42
853.63	4.392	34.389	0.42
854.42	4.392	34.388	0.42
856.2	4.386	34.391	0.42
856.2	4.386	34.39	0.42
857.78	4.382	34.389	0.42
859.56	4.378	34.393	0.42
861.44	4.376	34.391	0.42
863.12	4.369	34.39	0.42
864.9	4.361	34.391	0.42
866.68	4.354	34.394	0.42
868.56	4.345	34.393	0.42
870.34	4.332	34.396	0.42
872.22	4.329	34.395	0.42
874.09	4.324	34.396	0.42
875.77	4.319	34.396	0.41
877.65	4.315	34.397	0.41
879.73	4.312	34.397	0.41
881.8	4.307	34.398	0.4
883.78	4.299	34.397	0.4
885.76	4.287	34.396	0.39
887.73	4.253	34.401	0.37
889.71	4.228	34.401	0.37
891.69	4.186	34.409	0.38
893.76	4.175	34.41	0.37
895.94	4.17	34.41	0.37
898.01	4.169	34.409	0.37
900.29	4.165	34.409	0.37
902.36	4.16	34.411	0.36
904.73	4.134	34.411	0.35
907.21	4.122	34.414	0.35
909.38	4.121	34.415	0.35
909.78	4.125	34.413	0.35
909.97	4.124	34.414	0.35
910.37	4.123	34.413	0.35
911.26	4.121	34.41	0.35
911.26	4.12	34.411	0.35
912.15	4.105	34.418	0.35
913.53	4.087	34.417	0.36
914.72	4.075	34.418	0.36
915.31	4.07	34.42	0.36
915.8	4.067	34.418	0.36
915.11	4.068	34.42	0.36
914.52	4.076	34.422	0.36
914.91	4.067	34.422	0.36
915.9	4.063	34.424	0.36
916.89	4.061	34.421	0.36
917.98	4.062	34.42	0.36
918.67	4.064	34.422	0.36
919.26	4.06	34.422	0.36
920.55	4.055	34.421	0.36
921.93	4.049	34.421	0.36
923.31	4.045	34.421	0.36
924.7	4.034	34.423	0.36
925.88	4.032	34.423	0.36
927.17	4.025	34.424	0.36
928.45	4.023	34.423	0.36
929.54	4.022	34.425	0.36
929.34	4.022	34.426	0.36
929.44	4.024	34.424	0.36
927.96	4.024	34.424	0.36
926.77	4.024	34.424	0.36
927.56	4.024	34.423	0.36
928.65	4.022	34.425	0.36
929.34	4.021	34.424	0.36
929.64	4.024	34.423	0.36
929.84	4.024	34.424	0.36
930.53	4.019	34.426	0.36
931.71	4.018	34.425	0.36
933.99	4.018	34.425	0.36
936.16	4.018	34.423	0.36
938.04	4.015	34.425	0.36
939.62	4.006	34.424	0.36
941.1	4	34.424	0.36
942.78	3.988	34.426	0.36
943.38	3.988	34.428	0.37
943.28	3.993	34.423	0.37
943.18	3.991	34.425	0.37
942.88	3.99	34.428	0.37
942.49	3.99	34.427	0.37
940.91	3.991	34.428	0.37
939.62	3.991	34.423	0.37
940.91	3.99	34.424	0.37
942.59	3.986	34.426	0.37
942.68	3.982	34.426	0.37
943.08	3.982	34.426	0.37
944.27	3.978	34.428	0.37
945.55	3.973	34.43	0.37
947.23	3.971	34.428	0.37
949.3	3.968	34.429	0.37
950.98	3.966	34.429	0.37
952.76	3.965	34.432	0.37
954.15	3.964	34.43	0.37
955.73	3.965	34.427	0.37
957.31	3.964	34.43	0.37
958.59	3.964	34.427	0.37
960.37	3.963	34.43	0.37
962.15	3.962	34.431	0.37
963.93	3.96	34.431	0.37
965.71	3.957	34.429	0.38
967.58	3.946	34.433	0.38
969.26	3.94	34.43	0.38
971.04	3.931	34.431	0.39
972.82	3.927	34.434	0.39
974.6	3.925	34.433	0.39
976.28	3.921	34.434	0.39
978.16	3.916	34.434	0.41
980.13	3.916	34.431	0.41
982.21	3.916	34.435	0.41
984.68	3.916	34.432	0.42
987.25	3.915	34.432	0.42
988.73	3.916	34.433	0.42
988.43	3.916	34.432	0.42
988.23	3.916	34.433	0.42
988.04	3.916	34.433	0.42
989.62	3.916	34.434	0.42
991.4	3.915	34.435	0.42
991.99	3.917	34.433	0.42
992.19	3.923	34.432	0.42
993.17	3.91	34.439	0.43
993.96	3.914	34.437	0.45
994.06	3.911	34.432	0.45
995.35	3.904	34.436	0.46
997.82	3.896	34.436	0.47
1000.58	3.891	34.435	0.48
1003.35	3.884	34.434	0.48
1005.82	3.878	34.438	0.49
1008.58	3.869	34.435	0.49
1011.35	3.858	34.436	0.49
1014.02	3.848	34.44	0.5
1016.88	3.841	34.441	0.5
1019.85	3.835	34.442	0.5
1022.81	3.832	34.441	0.5
1025.77	3.816	34.442	0.51
1028.54	3.806	34.439	0.52
1031.4	3.789	34.443	0.52
1033.28	3.784	34.443	0.52
1034.96	3.779	34.445	0.52
1037.03	3.77	34.447	0.52
1039.21	3.756	34.448	0.53
1041.28	3.748	34.449	0.54
1041.87	3.749	34.448	0.54
1042.17	3.75	34.446	0.54
1041.77	3.748	34.446	0.54
1041.38	3.75	34.447	0.54
1041.18	3.75	34.45	0.54
1040.19	3.75	34.45	0.54
1039.8	3.753	34.445	0.54
1039.21	3.753	34.446	0.54
1039.01	3.767	34.442	0.53
1039.9	3.751	34.446	0.54
1041.68	3.749	34.448	0.54
1043.06	3.749	34.448	0.54
1044.64	3.747	34.449	0.54
1045.23	3.749	34.447	0.54
1046.52	3.748	34.447	0.54
1047.31	3.744	34.448	0.54
1048.19	3.742	34.447	0.54
1049.38	3.742	34.447	0.54
1050.96	3.74	34.448	0.54
1052.54	3.735	34.448	0.54
1054.32	3.717	34.452	0.54
1056	3.716	34.45	0.55
1057.77	3.711	34.45	0.55
1059.55	3.705	34.451	0.55
1061.43	3.702	34.452	0.55
1063.3	3.702	34.453	0.55
1064.19	3.703	34.454	0.55
1064.79	3.703	34.453	0.55
1067.45	3.69	34.452	0.56
1069.82	3.668	34.455	0.56
1072.19	3.66	34.456	0.56
1074.46	3.654	34.458	0.56
1076.93	3.646	34.454	0.56
1079.5	3.629	34.457	0.56
1081.97	3.622	34.458	0.56
1084.44	3.612	34.459	0.57
1087.2	3.603	34.459	0.57
1087.99	3.607	34.46	0.57
1089.38	3.6	34.461	0.57
1091.15	3.593	34.462	0.57
1092.73	3.593	34.462	0.57
1094.51	3.593	34.462	0.57
1096.29	3.59	34.464	0.57
1098.16	3.588	34.464	0.57
1099.94	3.587	34.461	0.57
1101.82	3.587	34.462	0.57
1103.69	3.587	34.462	0.57
1105.67	3.586	34.465	0.56
1108.04	3.581	34.462	0.56
1110.41	3.564	34.465	0.57
1112.88	3.552	34.466	0.58
1115.35	3.55	34.466	0.58
1117.62	3.549	34.468	0.58
1119.79	3.548	34.465	0.58
1121.86	3.548	34.467	0.59
1124.13	3.547	34.467	0.59
1126.5	3.546	34.467	0.59
1129.07	3.543	34.469	0.59
1131.64	3.535	34.467	0.59
1134.2	3.525	34.466	0.6
1136.37	3.509	34.469	0.6
1138.65	3.515	34.47	0.6
1140.62	3.503	34.475	0.6
1142.5	3.504	34.469	0.6
1142.5	3.503	34.471	0.6
1142.59	3.503	34.472	0.6
1142.5	3.503	34.471	0.6
1142.5	3.512	34.463	0.6
1142.69	3.502	34.472	0.6
1142.79	3.51	34.472	0.6
1143.09	3.509	34.474	0.6
1143.19	3.512	34.471	0.6
1143.19	3.512	34.474	0.6
1143.38	3.515	34.471	0.6
1143.58	3.511	34.472	0.6
1143.68	3.509	34.474	0.6
1143.88	3.509	34.474	0.6
1144.37	3.516	34.47	0.6
1145.75	3.499	34.47	0.6
1147.23	3.488	34.474	0.6
1148.91	3.479	34.474	0.6
1151.18	3.475	34.472	0.61
1153.55	3.474	34.473	0.61
1155.63	3.473	34.475	0.61
1157.7	3.473	34.474	0.61
1159.77	3.465	34.472	0.63
1161.84	3.46	34.474	0.64
1163.82	3.459	34.473	0.63
1165.89	3.46	34.477	0.63
1167.96	3.464	34.473	0.62
1169.74	3.461	34.473	0.62
1171.42	3.443	34.477	0.63
1173.29	3.443	34.475	0.64
1175.17	3.444	34.476	0.65
1177.14	3.413	34.474	0.66
1179.12	3.371	34.482	0.7
1180.99	3.364	34.482	0.7
1182.67	3.355	34.484	0.7
1184.15	3.356	34.482	0.7
1185.73	3.354	34.481	0.7
1187.31	3.349	34.483	0.7
1188.99	3.344	34.484	0.7
1190.77	3.336	34.485	0.71
1192.54	3.328	34.484	0.71
1194.22	3.324	34.485	0.71
1195.01	3.324	34.486	0.71
1194.71	3.325	34.484	0.71
1194.91	3.325	34.483	0.71
1194.91	3.325	34.484	0.71
1194.91	3.326	34.484	0.71
1194.42	3.326	34.484	0.71
1194.22	3.33	34.481	0.71
1194.52	3.325	34.486	0.71
1194.71	3.327	34.483	0.71
1194.71	3.339	34.48	0.71
1194.71	3.336	34.482	0.71
1194.42	3.33	34.482	0.71
1194.91	3.323	34.479	0.71
1195.9	3.298	34.485	0.71
1197.48	3.292	34.488	0.72
1198.56	3.29	34.488	0.72
1200.04	3.288	34.489	0.72
1201.52	3.282	34.491	0.72
1203.4	3.272	34.488	0.73
1205.18	3.254	34.488	0.75
1206.56	3.241	34.492	0.76
1208.04	3.235	34.491	0.76
1209.42	3.234	34.493	0.76
1210.9	3.235	34.492	0.76
1212.58	3.234	34.492	0.76
1214.35	3.232	34.492	0.76
1215.93	3.231	34.492	0.76
1217.41	3.233	34.492	0.76
1218.89	3.232	34.495	0.76
1220.27	3.231	34.494	0.76
1221.66	3.228	34.495	0.76
1223.24	3.226	34.493	0.76
1224.91	3.226	34.492	0.76
1226.69	3.225	34.495	0.76
1228.37	3.224	34.494	0.76
1230.14	3.22	34.493	0.76
1231.82	3.206	34.498	0.76
1233.7	3.205	34.497	0.77
1235.67	3.203	34.497	0.77
1237.74	3.199	34.496	0.77
1239.02	3.195	34.495	0.78
1238.23	3.197	34.494	0.78
1237.94	3.198	34.496	0.78
1237.94	3.202	34.49	0.78
1238.14	3.197	34.495	0.78
1237.94	3.199	34.503	0.78
1237.84	3.198	34.495	0.78
1237.25	3.198	34.494	0.78
1237.45	3.208	34.499	0.78
1237.84	3.191	34.498	0.78
1237.15	3.192	34.496	0.78
1235.87	3.192	34.496	0.78
1235.18	3.194	34.496	0.78
1234.48	3.196	34.494	0.78
1234.19	3.194	34.499	0.78
1233.3	3.198	34.497	0.78
1233	3.204	34.503	0.77
1233.5	3.201	34.495	0.77
1233	3.202	34.496	0.77
1233.2	3.202	34.494	0.77
1234.29	3.191	34.495	0.78
1235.37	3.189	34.496	0.78
1236.66	3.182	34.495	0.78
1237.45	3.172	34.496	0.79
1238.73	3.164	34.496	0.79
1239.02	3.172	34.496	0.79
1239.52	3.171	34.498	0.79
1240.41	3.17	34.496	0.79
1241.89	3.163	34.498	0.79
1243.07	3.162	34.499	0.79
1243.46	3.161	34.5	0.79
1244.75	3.161	34.5	0.79
1246.03	3.16	34.499	0.79
1247.41	3.154	34.495	0.8
1248.99	3.141	34.501	0.81
1250.47	3.137	34.502	0.81
1251.75	3.132	34.502	0.81
1252.94	3.128	34.502	0.81
1254.42	3.126	34.5	0.81
1256	3.12	34.5	0.81
1257.57	3.106	34.505	0.82
1259.15	3.101	34.505	0.82
1260.93	3.093	34.505	0.82
1261.42	3.093	34.504	0.82
1261.32	3.092	34.507	0.82
1262.21	3.089	34.505	0.82
1263.69	3.087	34.505	0.82
1265.27	3.086	34.505	0.82
1266.85	3.084	34.506	0.82
1268.33	3.082	34.507	0.82
1269.91	3.079	34.505	0.82
1269.91	3.078	34.505	0.82
1270.7	3.078	34.505	0.82
1270.99	3.078	34.507	0.82
1270.89	3.082	34.513	0.82
1270.8	3.081	34.509	0.82
1270.7	3.096	34.513	0.82
1270.2	3.086	34.507	0.82
1269.91	3.094	34.509	0.82
1269.71	3.089	34.503	0.82
1270.2	3.08	34.506	0.82
1272.67	3.074	34.506	0.82
1274.05	3.072	34.507	0.82
1275.04	3.071	34.508	0.82
1276.32	3.068	34.508	0.83
1278	3.066	34.507	0.83
1280.07	3.062	34.51	0.83
1281.65	3.059	34.507	0.83
1281.75	3.061	34.508	0.83
1281.35	3.062	34.508	0.83
1281.06	3.062	34.508	0.83
1280.76	3.06	34.509	0.83
1281.06	3.059	34.506	0.83
1281.85	3.058	34.508	0.83
1282.44	3.056	34.508	0.83
1283.03	3.055	34.509	0.83
1283.33	3.054	34.509	0.84
1283.23	3.053	34.509	0.84
1283.72	3.051	34.506	0.84
1286.29	3.045	34.509	0.84
1289.34	3.031	34.509	0.85
1291.12	3.029	34.51	0.85
1292.4	3.025	34.51	0.85
1293.29	3.025	34.511	0.86
1294.37	3.018	34.512	0.86
1295.76	3.017	34.51	0.86
1297.33	3.018	34.511	0.86
1299.01	3.01	34.51	0.86
1300.59	3.007	34.513	0.87
1302.27	3.006	34.513	0.87
1303.35	3.001	34.512	0.87
1304.14	2.994	34.514	0.88
1304.63	2.996	34.513	0.88
1305.52	2.99	34.513	0.88
1306.51	2.987	34.514	0.88
1307.89	2.985	34.513	0.88
1309.67	2.985	34.514	0.88
1310.65	2.982	34.514	0.88
1311.84	2.972	34.514	0.89
1313.12	2.971	34.516	0.89
1314.7	2.97	34.515	0.89
1316.27	2.972	34.515	0.89
1317.75	2.971	34.515	0.89
1319.13	2.97	34.517	0.89
1320.32	2.977	34.515	0.89
1321.5	2.979	34.514	0.89
1322.69	2.981	34.512	0.89
1323.67	2.986	34.513	0.88
1324.56	2.991	34.514	0.88
1325.64	2.991	34.515	0.88
1326.73	2.99	34.516	0.88
1328.11	2.989	34.516	0.88
1329.49	2.989	34.511	0.88
1330.87	2.988	34.512	0.88
1332.25	2.987	34.515	0.88
1333.54	2.987	34.514	0.88
1334.92	2.985	34.514	0.88
1336.1	2.985	34.513	0.88
1337.38	2.979	34.513	0.88
1338.66	2.975	34.516	0.89
1339.95	2.972	34.515	0.89
1341.23	2.971	34.515	0.89
1342.51	2.97	34.514	0.89
1344.19	2.969	34.516	0.89
1345.57	2.967	34.518	0.89
1347.84	2.958	34.517	0.9
1351.68	2.958	34.516	0.9
1354.64	2.958	34.518	0.9
1356.81	2.951	34.519	0.9
1358.29	2.95	34.517	0.91
1359.77	2.954	34.519	0.91
1361.84	2.956	34.514	0.91
1361.15	2.958	34.515	0.9
1361.15	2.959	34.516	0.9
1361.35	2.959	34.515	0.9
1361.35	2.958	34.517	0.9
1361.55	2.959	34.516	0.9
1361.64	2.96	34.515	0.9
1361.55	2.961	34.517	0.9
1361.64	2.961	34.517	0.9
1361.74	2.96	34.516	0.9
1361.74	2.96	34.515	0.9
1361.64	2.96	34.52	0.9
1361.05	2.958	34.519	0.9
1361.15	2.96	34.516	0.9
1361.05	2.971	34.514	0.9
1360.76	2.961	34.518	0.9
1359.77	2.959	34.516	0.9
1358.09	2.957	34.517	0.9
1356.81	2.956	34.519	0.9
1355.14	2.955	34.518	0.91
1352.97	2.955	34.516	0.91
1351.29	2.956	34.516	0.9
1350.8	2.956	34.516	0.9
1349.51	2.959	34.516	0.9
1349.71	2.958	34.517	0.9
1351.68	2.957	34.516	0.9
1352.08	2.959	34.516	0.9
1351.88	2.959	34.516	0.9
1351.49	2.968	34.511	0.9
1351.09	2.964	34.517	0.9
1351.29	2.965	34.516	0.9
1351.88	2.963	34.515	0.9
1353.26	2.964	34.515	0.9
1354.74	2.968	34.516	0.89
1355.43	2.968	34.517	0.89
1355.83	2.968	34.516	0.89
1356.22	2.956	34.519	0.9
1357.01	2.954	34.517	0.91
1358.29	2.954	34.516	0.91
1359.47	2.957	34.518	0.91
1360.66	2.96	34.516	0.9
1361.84	2.958	34.516	0.9
1363.62	2.957	34.517	0.9
1365.1	2.961	34.515	0.9
1366.58	2.964	34.515	0.9
1367.86	2.959	34.516	0.9
1369.24	2.955	34.517	0.91
1370.52	2.955	34.516	0.91
1369.93	2.96	34.516	0.91
1369.63	2.961	34.514	0.9
1371.11	2.958	34.516	0.9
1373.18	2.952	34.515	0.91
1374.76	2.949	34.518	0.91
1376.34	2.949	34.518	0.91
1378.21	2.954	34.516	0.91
1380.28	2.954	34.516	0.91
1382.16	2.956	34.517	0.91
1383.93	2.958	34.517	0.91
1385.51	2.958	34.515	0.9
1387.09	2.953	34.518	0.91
1388.47	2.939	34.519	0.91
1389.95	2.918	34.524	0.93
1391.72	2.921	34.521	0.93
1392.71	2.924	34.52	0.93
1393.2	2.928	34.519	0.92
1393.99	2.918	34.519	0.92
1395.17	2.896	34.521	0.94
1396.75	2.901	34.522	0.94
1398.33	2.901	34.523	0.94
1399.51	2.9	34.521	0.94
1398.23	2.907	34.521	0.94
1396.95	2.909	34.522	0.94
1395.67	2.916	34.519	0.93
1393.89	2.914	34.521	0.93
1391.72	2.919	34.521	0.93
1389.06	2.923	34.52	0.93
1386.49	2.932	34.518	0.92
1385.61	2.931	34.519	0.92
1385.41	2.937	34.518	0.92
1384.72	2.945	34.515	0.92
1385.02	2.945	34.519	0.92
1384.92	2.946	34.521	0.91
1385.11	2.947	34.517	0.91
1385.61	2.947	34.515	0.91
1385.9	2.978	34.508	0.91
1386.1	2.962	34.512	0.91
1386.3	2.956	34.514	0.91
1386.3	2.954	34.517	0.91
1386.1	2.949	34.518	0.91
1385.51	2.951	34.519	0.91
1384.62	2.955	34.518	0.91
1384.52	2.96	34.515	0.91
1384.23	2.966	34.512	0.91
1384.42	2.964	34.513	0.91
1384.62	2.963	34.511	0.91
1385.02	2.959	34.514	0.91
1385.31	2.962	34.517	0.91
1385.71	2.957	34.512	0.91
1386.1	2.955	34.512	0.91
1386.4	2.955	34.514	0.91
1386.49	2.949	34.516	0.91
1386.49	2.95	34.518	0.91
1386.69	2.959	34.517	0.91
1386.99	2.958	34.515	0.91
1387.28	2.957	34.517	0.91
1387.97	2.957	34.516	0.91
1390.54	2.959	34.517	0.91
1393.1	2.96	34.516	0.9
1394.88	2.955	34.514	0.91
1395.86	2.947	34.517	0.91
1396.65	2.948	34.519	0.91
1398.33	2.954	34.518	0.91
1400.69	2.952	34.512	0.9
1402.67	2.95	34.517	0.91
1404.44	2.952	34.519	0.91
1406.41	2.951	34.519	0.91
1408.48	2.952	34.519	0.91
1410.36	2.955	34.517	0.91
1411.93	2.946	34.519	0.91
1413.12	2.94	34.518	0.91
1414.4	2.933	34.519	0.92
1415.68	2.931	34.522	0.92
1415.58	2.944	34.52	0.92
1415.19	2.942	34.526	0.91
1415.58	2.943	34.521	0.92
1415.78	2.947	34.519	0.91
1415.48	2.944	34.518	0.91
1415.29	2.943	34.515	0.91
1414.99	2.937	34.519	0.92
1414.89	2.943	34.519	0.91
1414.89	2.946	34.515	0.92
1414.99	2.944	34.518	0.92
1414.99	2.944	34.518	0.92
1414.89	2.936	34.526	0.92
1414.89	2.94	34.519	0.92
1415.39	2.942	34.518	0.92
1416.37	2.93	34.515	0.92
1418.05	2.905	34.523	0.93
1420.22	2.893	34.523	0.94
1422.19	2.858	34.523	0.95
1424.26	2.836	34.53	0.98
1426.33	2.833	34.53	0.98
1428.5	2.842	34.526	0.98
1430.57	2.834	34.527	0.98
1431.95	2.832	34.524	0.99
1433.43	2.822	34.528	0.99
1434.91	2.813	34.531	1
1436.19	2.81	34.533	1
1437.96	2.809	34.528	1.01
1439.64	2.812	34.529	1.01
1441.12	2.824	34.528	1
1443.09	2.824	34.531	1
1445.16	2.811	34.528	1.01
1447.03	2.807	34.534	1.01
1449	2.806	34.532	1.01
1450.88	2.805	34.527	1.01
1453.04	2.805	34.531	1.01
1455.31	2.804	34.528	1.01
1456.99	2.803	34.531	1.01
1459.16	2.804	34.528	1.01
1460.64	2.805	34.53	1.01
1461.62	2.804	34.529	1.01
1462.9	2.804	34.531	1.01
1465.37	2.804	34.529	1.01
1467.44	2.803	34.531	1.01
1469.51	2.802	34.532	1.02
1471.28	2.801	34.532	1.01
1472.46	2.793	34.531	1.02
1472.86	2.788	34.53	1.02
1475.42	2.784	34.53	1.03
1476.31	2.779	34.531	1.03
1476.31	2.779	34.533	1.03
1476.5	2.78	34.532	1.03
1475.52	2.781	34.53	1.03
1474.43	2.778	34.533	1.03
1472.86	2.781	34.53	1.03
1471.38	2.782	34.536	1.03
1469.7	2.783	34.532	1.03
1468.72	2.785	34.532	1.03
1468.62	2.784	34.532	1.03
1468.32	2.781	34.531	1.03
1468.03	2.783	34.529	1.03
1468.03	2.782	34.533	1.03
1467.24	2.785	34.534	1.03
1466.85	2.784	34.531	1.03
1466.25	2.786	34.533	1.03
1465.56	2.785	34.53	1.03
1465.07	2.785	34.533	1.03
1463.89	2.79	34.532	1.02
1462.8	2.786	34.533	1.02
1461.13	2.787	34.53	1.02
1459.16	2.79	34.531	1.02
1457.97	2.795	34.533	1.02
1457.87	2.797	34.532	1.02
1457.28	2.8	34.532	1.02
1456.4	2.8	34.531	1.02
1455.9	2.793	34.531	1.02
1455.11	2.797	34.532	1.02
1454.52	2.794	34.531	1.02
1454.13	2.791	34.533	1.02
1453.14	2.795	34.531	1.02
1452.65	2.797	34.534	1.02
1451.76	2.8	34.532	1.01
1449.89	2.798	34.53	1.01
1448.51	2.794	34.529	1.02
1447.03	2.791	34.53	1.02
1446.34	2.792	34.532	1.02
1446.44	2.792	34.532	1.02
1446.74	2.792	34.531	1.02
1446.64	2.792	34.531	1.02
1445.95	2.792	34.531	1.02
1445.06	2.796	34.53	1.02
1443.98	2.796	34.531	1.02
1442.79	2.797	34.532	1.02
1442.1	2.794	34.533	1.02
1441.91	2.794	34.532	1.02
1440.72	2.794	34.529	1.02
1440.72	2.795	34.536	1.02
1440.43	2.795	34.534	1.02
1441.22	2.797	34.531	1.02
1440.72	2.798	34.532	1.02
1440.23	2.801	34.53	1.01
1440.23	2.799	34.531	1.01
1440.33	2.804	34.529	1.01
1440.13	2.8	34.531	1.01
1440.53	2.8	34.531	1.01
1440.53	2.801	34.53	1.01
1440.33	2.802	34.529	1.01
1440.23	2.828	34.522	1.01
1440.33	2.802	34.53	1.01
1440.43	2.806	34.528	1.01
1440.43	2.804	34.528	1.01
1440.43	2.812	34.525	1.01
1439.84	2.8	34.529	1.01
1439.84	2.8	34.53	1.01
1439.64	2.801	34.53	1.01
1439.74	2.803	34.531	1.01
1439.93	2.808	34.525	1.01
1439.64	2.802	34.53	1.01
1439.14	2.808	34.53	1.01
1438.95	2.807	34.527	1.01
1438.85	2.805	34.531	1.01
1438.75	2.804	34.531	1.01
1437.96	2.802	34.529	1.01
1437.47	2.8	34.53	1.01
1437.07	2.799	34.532	1.01
1436.88	2.796	34.53	1.01
1436.29	2.796	34.531	1.01
1435.3	2.796	34.53	1.01
1434.12	2.796	34.53	1.01
1433.33	2.797	34.53	1.01
1432.05	2.806	34.529	1.01
1430.86	2.831	34.528	1
1429.38	2.839	34.527	0.98
1428.6	2.839	34.528	0.98
1427.51	2.831	34.525	0.98
1426.62	2.836	34.526	0.99
1425.54	2.839	34.525	0.98
1424.85	2.841	34.526	0.98
1424.85	2.832	34.528	0.98
1424.26	2.83	34.526	0.99
1424.95	2.837	34.525	0.99
1425.74	2.825	34.527	0.99
1425.44	2.825	34.527	0.99
1426.03	2.817	34.531	1
1425.74	2.818	34.528	1
1425.93	2.82	34.526	1
1426.13	2.81	34.531	1
1426.53	2.808	34.53	1
1426.62	2.803	34.529	1.01
1426.43	2.806	34.53	1.01
1426.62	2.805	34.53	1.01
1425.84	2.804	34.53	1.01
1425.05	2.803	34.531	1.01
1425.05	2.803	34.531	1.01
1424.55	2.804	34.531	1.01
1423.37	2.804	34.53	1.01
1423.17	2.804	34.528	1.01
1422.68	2.806	34.529	1.01
1421.4	2.803	34.529	1.01
1420.61	2.801	34.529	1.01
1420.81	2.795	34.532	1.01
1420.41	2.792	34.53	1.01
1419.13	2.801	34.529	1.01
1419.03	2.806	34.53	1.01
1419.03	2.8	34.531	1.01
1420.12	2.796	34.531	1.01
1420.91	2.798	34.529	1.01
1421.2	2.792	34.531	1.01
1420.61	2.793	34.53	1.01
1419.03	2.793	34.531	1.01
1417.65	2.792	34.529	1.01
1416.86	2.792	34.53	1.01
1415.09	2.789	34.533	1.01
1414.89	2.788	34.531	1.02
1414.69	2.788	34.531	1.02
1414.69	2.788	34.533	1.02
1414.89	2.789	34.531	1.02
1414.99	2.789	34.534	1.02
1414.99	2.79	34.533	1.02
1414.89	2.79	34.532	1.02
1414.99	2.789	34.534	1.02
1414.69	2.795	34.53	1.02
1414.89	2.794	34.528	1.02
1414.89	2.79	34.532	1.02
1414.99	2.792	34.533	1.02
1414.89	2.791	34.533	1.02
1414.99	2.793	34.532	1.02
1414.89	2.794	34.529	1.02
1414.89	2.792	34.529	1.02
1414.99	2.792	34.533	1.02
1414.89	2.793	34.529	1.02
1414.99	2.792	34.532	1.02
1415.09	2.791	34.536	1.02
1415.09	2.792	34.535	1.02
1414.99	2.794	34.532	1.02
1415.09	2.794	34.529	1.02
1415.09	2.793	34.531	1.02
1415.09	2.793	34.533	1.02
1415.09	2.796	34.528	1.02
1415.09	2.796	34.531	1.02
1415.09	2.796	34.532	1.01
1415.19	2.796	34.531	1.01
1415.09	2.795	34.534	1.01
1415.09	2.794	34.534	1.01
1415.29	2.794	34.532	1.01
1415.19	2.792	34.536	1.02
1415.09	2.792	34.533	1.02
1415.09	2.793	34.532	1.02
1415.09	2.793	34.534	1.02
1414.99	2.794	34.534	1.02
1415.09	2.795	34.531	1.02
1415.09	2.795	34.531	1.01
1415.09	2.795	34.535	1.01
1415.09	2.797	34.533	1.01
1415.19	2.8	34.532	1.01
1415.19	2.798	34.533	1.01
1414.99	2.798	34.532	1.01
1415.19	2.798	34.531	1.01
1415.19	2.799	34.532	1.01
1415.19	2.798	34.535	1.01
1415.19	2.8	34.532	1.01
1415.19	2.799	34.532	1.01
1415.19	2.799	34.536	1.01
1415.09	2.8	34.532	1.01
1414.99	2.803	34.534	1.01
1414.99	2.802	34.53	1.01
1414.99	2.801	34.533	1.01
1414.79	2.802	34.532	1.01
1414.69	2.801	34.53	1.01
1414.69	2.801	34.53	1.01
1414.5	2.802	34.531	1.01
1414.6	2.801	34.531	1.01
1414.4	2.8	34.532	1.01
1414.3	2.801	34.531	1.01
1414.4	2.801	34.531	1.01
1414.4	2.8	34.533	1.01
1414.4	2.801	34.532	1.01
1414.4	2.801	34.534	1.01
1414.4	2.802	34.533	1.01
1414.4	2.803	34.533	1.01
1414.4	2.803	34.533	1.01
1414.2	2.802	34.532	1.01
1413.41	2.804	34.529	1.01
1412.43	2.807	34.528	1.01
1411.54	2.814	34.531	1
1410.55	2.822	34.528	1
1410.06	2.817	34.527	1
1409.47	2.81	34.53	1
1408.68	2.804	34.528	1
1408.29	2.81	34.527	1.01
1407.79	2.812	34.525	1.01
1407.6	2.801	34.532	1.01
1407.69	2.799	34.53	1.01
1407.6	2.798	34.531	1.01
1407.2	2.801	34.528	1.01
1406.12	2.801	34.532	1.01
1405.13	2.802	34.529	1.01
1404.44	2.805	34.533	1.01
1403.45	2.804	34.531	1.01
1402.76	2.808	34.528	1.01
1401.88	2.806	34.529	1.01
1400.4	2.806	34.53	1.01
1399.31	2.808	34.529	1
1398.92	2.81	34.533	1
1398.43	2.808	34.535	1
1398.23	2.81	34.531	1
1398.72	2.815	34.528	1
1398.82	2.817	34.527	1
1398.23	2.811	34.531	1
1397.93	2.811	34.53	1
1398.43	2.822	34.525	1
1398.43	2.83	34.517	1
1398.52	2.822	34.523	1
1398.62	2.816	34.531	1
1398.72	2.815	34.527	1
1398.62	2.825	34.519	1
1398.52	2.84	34.515	1
1398.52	2.835	34.515	1
1398.52	2.827	34.518	1
1398.52	2.821	34.522	1
1398.52	2.818	34.527	1
1398.52	2.818	34.532	1
1398.52	2.823	34.529	1
1398.43	2.843	34.52	0.99
1398.43	2.843	34.525	0.99
1398.13	2.847	34.527	0.98
1398.23	2.853	34.525	0.98
1397.83	2.855	34.529	0.98
1397.83	2.85	34.536	0.98
1397.93	2.854	34.529	0.98
1397.54	2.845	34.529	0.98
1397.54	2.844	34.533	0.98
1396.85	2.839	34.527	0.98
1396.75	2.856	34.518	0.98
1396.45	2.858	34.521	0.98
1395.76	2.845	34.529	0.99
1394.78	2.852	34.521	0.98
1394.68	2.853	34.526	0.98
1394.88	2.855	34.524	0.97
1395.37	2.846	34.522	0.98
1395.96	2.85	34.526	0.98
1395.86	2.853	34.525	0.98
1395.96	2.86	34.529	0.98
1395.96	2.866	34.523	0.98
1395.86	2.866	34.525	0.98
1395.86	2.86	34.533	0.98
1395.96	2.854	34.528	0.98
1395.96	2.851	34.527	0.98
1395.96	2.853	34.529	0.98
1395.96	2.856	34.532	0.98
1396.06	2.862	34.525	0.98
1396.55	2.845	34.525	0.98
1397.14	2.827	34.53	0.99
1397.24	2.838	34.526	0.99
1397.05	2.838	34.526	0.99
1397.24	2.815	34.531	1
1397.54	2.809	34.528	1
1397.54	2.81	34.531	1
1397.64	2.817	34.531	1
1397.44	2.823	34.525	1
1397.54	2.828	34.527	0.99
1397.54	2.832	34.517	1
1397.44	2.818	34.526	1
1397.44	2.823	34.532	1
1397.34	2.827	34.535	1
1397.14	2.823	34.531	0.99
1397.14	2.822	34.525	0.99
1397.34	2.819	34.528	1
1397.24	2.82	34.526	1
1397.14	2.822	34.526	1
1396.95	2.822	34.537	1
1396.95	2.841	34.516	1
1396.85	2.851	34.517	1
1396.85	2.83	34.528	1
1396.95	2.825	34.529	1
1396.95	2.826	34.528	1
1396.95	2.83	34.527	1
1396.95	2.823	34.531	1
1397.05	2.826	34.529	1
1397.05	2.83	34.53	1
1397.05	2.828	34.526	1
1397.14	2.817	34.531	1
1397.05	2.82	34.526	1
1397.14	2.825	34.521	1
1397.05	2.86	34.519	1
1396.95	2.846	34.524	1
1397.14	2.833	34.526	1
1397.83	2.829	34.528	0.99
1398.33	2.828	34.527	0.99
1398.82	2.825	34.529	0.99
1398.72	2.816	34.533	1
1398.82	2.817	34.529	1
1399.02	2.818	34.532	1
1399.51	2.814	34.527	1
1399.12	2.811	34.53	1
1398.33	2.81	34.532	1
1397.64	2.813	34.53	1
1398.03	2.816	34.526	1
1398.62	2.818	34.526	1
1398.23	2.821	34.523	1
1398.03	2.818	34.529	1
1397.44	2.817	34.531	1
1396.45	2.816	34.532	1
1396.16	2.815	34.524	1
1396.55	2.807	34.53	1
1397.05	2.808	34.529	1
1397.34	2.811	34.531	1
1397.24	2.811	34.528	1
1397.24	2.812	34.529	1
1397.34	2.821	34.524	1
1397.24	2.818	34.529	1
1396.95	2.811	34.529	1
1397.44	2.804	34.529	1
1398.92	2.803	34.532	1.01
1400	2.803	34.529	1
1400.3	2.804	34.529	1.01
1399.91	2.809	34.526	1.01
1399.12	2.808	34.54	1.01
1398.43	2.812	34.527	1.01
1397.93	2.809	34.525	1.01
1398.82	2.801	34.529	1.01
1399.21	2.806	34.531	1.01
1398.92	2.805	34.535	1
1398.33	2.804	34.533	1.01
1398.33	2.808	34.529	1.01
1398.43	2.802	34.531	1.01
1398.43	2.805	34.53	1
1398.43	2.805	34.53	1
1398.03	2.806	34.53	1
1398.03	2.804	34.529	1
1398.03	2.804	34.528	1
1398.03	2.819	34.517	1.01
1398.03	2.813	34.523	1.01
1398.23	2.814	34.526	1.01
1398.13	2.807	34.527	1.01
1398.33	2.802	34.53	1.01
1398.62	2.802	34.531	1.01
1398.82	2.804	34.528	1.01
1398.92	2.803	34.531	1.01
1398.72	2.805	34.532	1
1398.72	2.811	34.527	1
1398.33	2.811	34.529	1
1397.93	2.81	34.528	1
1397.54	2.806	34.533	1
1397.24	2.803	34.528	1.01
1397.44	2.799	34.53	1.01
1397.24	2.808	34.528	1.01
1397.54	2.8	34.529	1.01
1398.13	2.8	34.532	1.01
1398.03	2.8	34.528	1.01
1398.13	2.8	34.529	1.01
1398.03	2.803	34.528	1.01
1397.54	2.802	34.531	1.01
1397.34	2.803	34.529	1.01
1397.54	2.799	34.529	1.01
1397.93	2.797	34.529	1.01
1398.13	2.798	34.529	1.01
1397.93	2.799	34.529	1.01
1397.44	2.8	34.53	1.01
1395.96	2.802	34.53	1.01
1394.78	2.803	34.532	1.01
1394.19	2.801	34.528	1.01
1394.28	2.802	34.529	1.01
1394.97	2.798	34.531	1.01
1395.17	2.798	34.53	1.01
1394.48	2.799	34.532	1.01
1393.4	2.802	34.532	1.01
1393.5	2.8	34.531	1.01
1394.38	2.8	34.529	1.01
1394.19	2.803	34.528	1.01
1394.09	2.8	34.528	1.01
1394.09	2.799	34.531	1.01
1393.69	2.798	34.528	1.01
1392.61	2.799	34.53	1.01
1392.51	2.799	34.528	1.01
1394.19	2.8	34.529	1.01
1395.37	2.799	34.528	1.01
1396.16	2.801	34.53	1.01
1396.45	2.802	34.529	1.01
1395.67	2.801	34.529	1.01
1395.27	2.801	34.531	1.01
1395.27	2.802	34.527	1.01
1396.06	2.8	34.529	1.01
1396.06	2.799	34.53	1.01
1396.75	2.801	34.53	1.01
1396.95	2.801	34.535	1.01
1397.14	2.803	34.531	1.01
1396.85	2.802	34.529	1.01
1397.05	2.797	34.529	1.01
1396.16	2.8	34.532	1.01
1395.67	2.8	34.531	1.01
1395.47	2.801	34.53	1.01
1394.38	2.802	34.531	1.01
1393.89	2.799	34.53	1.01
1393.89	2.8	34.534	1.01
1394.19	2.801	34.531	1.01
1395.17	2.801	34.533	1.01
1395.86	2.801	34.529	1.01
1396.16	2.801	34.533	1.01
1396.36	2.802	34.531	1.01
1396.36	2.806	34.531	1.01
1396.26	2.801	34.529	1.01
1396.26	2.796	34.531	1.01
1396.26	2.797	34.53	1.01
1396.45	2.798	34.531	1.01
1396.36	2.799	34.53	1.01
1396.45	2.8	34.53	1.01
1396.45	2.8	34.528	1.01
1396.36	2.802	34.529	1.01
1396.26	2.802	34.528	1.01
1396.26	2.805	34.529	1.01
1396.06	2.802	34.53	1.01
1396.36	2.801	34.529	1.01
1396.16	2.802	34.53	1.01
1396.16	2.802	34.528	1.01
1396.36	2.801	34.528	1.01
1396.45	2.796	34.528	1.01
1396.16	2.797	34.527	1.01
1396.36	2.797	34.529	1.01
1396.26	2.797	34.53	1.01
1396.36	2.795	34.53	1.01
1396.06	2.795	34.532	1.01
1395.86	2.798	34.53	1.01
1395.37	2.798	34.531	1.01
1395.07	2.803	34.53	1.01
1394.97	2.797	34.53	1.01
1395.27	2.796	34.532	1.01
1395.17	2.797	34.531	1.01
1394.38	2.795	34.531	1.01
1392.61	2.793	34.53	1.01
1390.64	2.794	34.528	1.01
1388.17	2.795	34.53	1.01
1385.71	2.799	34.53	1.01
1383.93	2.797	34.531	1.01
1380.97	2.797	34.531	1.01
1377.32	2.804	34.53	1.01
1373.48	2.804	34.53	1
1370.13	2.801	34.529	1
1366.67	2.796	34.53	1.01
1364.11	2.8	34.529	1.01
1362.24	2.815	34.53	1
1359.57	2.825	34.528	0.99
1356.22	2.845	34.527	0.98
1353.75	2.861	34.527	0.97
1351.68	2.868	34.524	0.96
1349.91	2.877	34.523	0.96
1348.23	2.888	34.522	0.95
1346.46	2.891	34.522	0.94
1344.78	2.893	34.522	0.94
1343	2.906	34.521	0.94
1341.23	2.908	34.522	0.93
1339.65	2.945	34.515	0.92
1338.07	2.998	34.51	0.89
1336.69	3.009	34.51	0.88
1335.11	3.009	34.512	0.87
1333.54	3.008	34.511	0.87
1332.35	3.007	34.513	0.87
1331.66	3.007	34.512	0.87
1331.46	3.004	34.513	0.87
1330.87	3.006	34.511	0.87
1329.29	3.004	34.512	0.87
1326.93	3	34.514	0.87
1323.67	3.002	34.512	0.87
1319.63	3.002	34.512	0.87
1317.16	3.002	34.514	0.87
1315.58	3.003	34.511	0.87
1313.51	2.987	34.513	0.88
1313.12	2.99	34.511	0.88
1313.51	2.987	34.514	0.88
1312.33	2.992	34.513	0.88
1311.34	2.991	34.514	0.88
1310.06	2.991	34.515	0.88
1309.17	2.991	34.514	0.88
1308.68	2.994	34.515	0.88
1309.27	2.993	34.513	0.88
1310.06	2.992	34.513	0.88
1309.76	2.992	34.515	0.88
1309.07	2.995	34.514	0.88
1308.68	2.994	34.515	0.88
1308.48	2.997	34.515	0.88
1309.07	2.99	34.514	0.88
1307.99	2.985	34.513	0.88
1306.41	2.982	34.514	0.88
1304.14	2.981	34.515	0.88
1302.27	2.987	34.515	0.88
1300.59	3.002	34.515	0.88
1298.32	2.995	34.513	0.87
1296.45	2.983	34.514	0.88
1294.67	2.994	34.512	0.88
1293.29	3.01	34.511	0.87
1291.81	3.015	34.512	0.86
1290.33	3.017	34.513	0.86
1288.75	3.022	34.512	0.86
1287.47	3.027	34.511	0.86
1286.48	3.032	34.511	0.85
1285.1	3.033	34.509	0.85
1284.21	3.033	34.509	0.85
1284.02	3.034	34.512	0.85
1283.82	3.033	34.508	0.85
1284.11	3.033	34.508	0.85
1283.52	3.038	34.505	0.85
1282.34	3.039	34.509	0.85
1280.86	3.042	34.509	0.84
1279.38	3.043	34.508	0.84
1278.59	3.044	34.509	0.84
1278	3.048	34.508	0.84
1276.81	3.046	34.507	0.84
1275.53	3.047	34.508	0.84
1274.84	3.051	34.506	0.84
1274.05	3.054	34.508	0.84
1272.67	3.064	34.507	0.84
1270.99	3.073	34.507	0.84
1269.32	3.085	34.507	0.83
1267.84	3.088	34.504	0.83
1266.16	3.091	34.505	0.83
1264.58	3.095	34.504	0.82
1262.61	3.093	34.505	0.82
1260.73	3.098	34.505	0.82
1259.55	3.096	34.505	0.82
1258.66	3.097	34.504	0.82
1257.67	3.095	34.506	0.82
1256.59	3.097	34.505	0.82
1255.5	3.095	34.504	0.82
1254.42	3.094	34.505	0.82
1253.13	3.095	34.503	0.82
1251.75	3.093	34.503	0.82
1250.57	3.096	34.503	0.82
1249.48	3.093	34.506	0.82
1248.2	3.098	34.504	0.82
1247.12	3.107	34.504	0.82
1246.13	3.107	34.504	0.81
1244.85	3.125	34.502	0.81
1243.46	3.135	34.5	0.8
1242.38	3.129	34.502	0.8
1241.2	3.132	34.501	0.8
1239.52	3.132	34.502	0.8
1237.94	3.133	34.502	0.8
1236.56	3.139	34.503	0.79
1234.78	3.145	34.501	0.78
1232.81	3.142	34.501	0.78
1231.13	3.14	34.5	0.79
1229.55	3.146	34.502	0.78
1227.87	3.21	34.495	0.76
1226	3.218	34.496	0.74
1223.63	3.221	34.497	0.74
1221.85	3.223	34.493	0.73
1219.58	3.226	34.495	0.73
1217.51	3.227	34.496	0.73
1215.64	3.229	34.493	0.73
1213.56	3.228	34.494	0.73
1212.18	3.229	34.492	0.73
1212.68	3.227	34.493	0.73
1213.27	3.228	34.493	0.73
1213.96	3.228	34.495	0.73
1214.35	3.228	34.493	0.73
1214.35	3.227	34.494	0.73
1213.37	3.227	34.495	0.73
1211.98	3.226	34.495	0.73
1210.7	3.224	34.498	0.73
1209.12	3.228	34.495	0.73
1207.54	3.23	34.496	0.73
1206.26	3.228	34.495	0.73
1204.48	3.227	34.494	0.73
1202.02	3.229	34.492	0.73
1199.65	3.229	34.493	0.73
1196.98	3.24	34.491	0.72
1193.63	3.251	34.49	0.72
1190.27	3.255	34.49	0.73
1186.42	3.267	34.489	0.73
1182.38	3.276	34.486	0.72
1179.32	3.286	34.487	0.72
1175.96	3.295	34.484	0.71
1172.51	3.312	34.481	0.7
1169.74	3.327	34.483	0.68
1167.57	3.331	34.487	0.68
1166.19	3.338	34.484	0.67
1164.61	3.341	34.484	0.66
1162.93	3.342	34.485	0.66
1160.96	3.344	34.484	0.66
1158.59	3.345	34.484	0.66
1155.82	3.351	34.481	0.66
1152.86	3.362	34.481	0.65
1150	3.36	34.482	0.65
1147.14	3.369	34.481	0.65
1144.08	3.399	34.48	0.64
1141.11	3.415	34.477	0.64
1138.05	3.414	34.478	0.63
1134.99	3.417	34.478	0.63
1131.14	3.432	34.476	0.62
1127.98	3.444	34.476	0.61
1125.12	3.452	34.475	0.62
1122.06	3.454	34.475	0.62
1119.1	3.462	34.472	0.61
1116.23	3.464	34.474	0.6
1112.58	3.466	34.472	0.6
1109.32	3.466	34.473	0.59
1105.77	3.468	34.473	0.59
1102.71	3.471	34.472	0.59
1099.35	3.473	34.474	0.59
1096.19	3.482	34.473	0.58
1092.63	3.509	34.471	0.58
1088.88	3.537	34.465	0.58
1085.03	3.547	34.465	0.58
1081.08	3.55	34.465	0.58
1077.33	3.558	34.464	0.58
1074.07	3.565	34.463	0.57
1071.6	3.572	34.462	0.57
1069.72	3.584	34.459	0.57
1068.05	3.592	34.461	0.57
1065.97	3.604	34.459	0.56
1063.5	3.581	34.463	0.57
1060.93	3.584	34.462	0.57
1057.97	3.58	34.464	0.57
1054.52	3.616	34.459	0.57
1051.35	3.62	34.458	0.56
1048.59	3.621	34.457	0.57
1045.72	3.62	34.458	0.57
1042.76	3.626	34.456	0.58
1039.7	3.626	34.458	0.58
1036.84	3.627	34.457	0.58
1033.77	3.639	34.457	0.58
1030.51	3.664	34.453	0.57
1027.45	3.674	34.453	0.57
1024.09	3.678	34.453	0.57
1020.83	3.688	34.452	0.56
1017.77	3.695	34.45	0.56
1014.61	3.703	34.45	0.56
1011.55	3.708	34.45	0.56
1008.58	3.715	34.449	0.55
1005.62	3.723	34.448	0.55
1002.56	3.751	34.446	0.55
999.4	3.77	34.442	0.54
996.24	3.779	34.442	0.53
993.37	3.782	34.443	0.53
990.7	3.784	34.442	0.52
987.94	3.791	34.441	0.52
984.87	3.805	34.438	0.52
981.71	3.82	34.44	0.52
978.55	3.83	34.438	0.51
975.49	3.835	34.438	0.5
972.03	3.838	34.437	0.5
968.67	3.84	34.438	0.5
965.21	3.844	34.436	0.5
961.85	3.849	34.436	0.49
959.19	3.851	34.436	0.49
957.41	3.851	34.437	0.49
955.43	3.851	34.439	0.49
953.06	3.853	34.438	0.49
950.29	3.864	34.438	0.49
947.53	3.883	34.436	0.47
944.66	3.898	34.434	0.47
941.7	3.916	34.432	0.47
939.03	3.924	34.43	0.46
936.85	3.929	34.429	0.46
934.48	3.939	34.431	0.46
933	3.943	34.429	0.46
931.12	3.945	34.431	0.46
928.35	3.956	34.429	0.46
925.29	3.974	34.426	0.46
921.24	4.018	34.419	0.45
918.67	4.041	34.422	0.44
916.59	4.056	34.42	0.44
914.22	4.06	34.42	0.43
912.05	4.06	34.419	0.43
909.97	4.063	34.419	0.43
907.7	4.085	34.418	0.43
905.23	4.112	34.412	0.42
903.05	4.128	34.412	0.42
901.18	4.129	34.412	0.41
899.3	4.128	34.412	0.41
897.52	4.128	34.413	0.41
895.84	4.129	34.414	0.41
894.16	4.133	34.412	0.41
892.48	4.135	34.413	0.41
890.6	4.137	34.413	0.41
888.72	4.139	34.411	0.4
886.94	4.143	34.411	0.39
884.87	4.147	34.412	0.38
882.59	4.149	34.412	0.37
880.12	4.152	34.411	0.37
877.85	4.158	34.41	0.36
876.56	4.16	34.409	0.36
874.69	4.164	34.41	0.36
872.31	4.167	34.409	0.36
870.14	4.175	34.409	0.37
867.87	4.178	34.409	0.36
864.9	4.18	34.407	0.36
861.24	4.191	34.406	0.36
857.78	4.199	34.405	0.36
854.82	4.209	34.405	0.36
851.95	4.216	34.404	0.36
848.89	4.218	34.402	0.37
845.62	4.218	34.403	0.37
842.46	4.217	34.403	0.37
839.3	4.218	34.404	0.37
836.13	4.222	34.403	0.38
832.77	4.239	34.404	0.39
829.41	4.29	34.398	0.4
826.05	4.301	34.395	0.4
822.88	4.304	34.396	0.4
819.62	4.318	34.395	0.41
816.26	4.342	34.395	0.4
812.9	4.38	34.391	0.41
809.63	4.406	34.386	0.42
806.27	4.413	34.386	0.41
803.21	4.418	34.386	0.41
800.24	4.426	34.385	0.41
797.08	4.429	34.385	0.41
794.01	4.439	34.382	0.41
790.65	4.468	34.372	0.42
787.38	4.49	34.378	0.39
784.12	4.504	34.377	0.36
780.76	4.505	34.378	0.35
776.9	4.51	34.38	0.35
773.24	4.528	34.379	0.34
769.78	4.549	34.376	0.32
766.22	4.58	34.373	0.3
762.86	4.615	34.369	0.29
759.5	4.638	34.366	0.27
756.23	4.654	34.364	0.27
754.55	4.67	34.362	0.28
753.86	4.672	34.363	0.28
750.99	4.69	34.363	0.27
748.71	4.713	34.36	0.27
750.89	4.701	34.36	0.27
749.11	4.706	34.362	0.27
745.85	4.73	34.359	0.27
742.88	4.74	34.356	0.26
739.81	4.746	34.355	0.25
738.43	4.752	34.353	0.25
736.45	4.767	34.353	0.25
733.28	4.777	34.351	0.24
730.12	4.797	34.348	0.24
727.15	4.818	34.345	0.24
724.08	4.851	34.345	0.24
721.02	4.889	34.343	0.24
717.85	4.913	34.342	0.24
714.49	4.933	34.343	0.24
711.22	4.948	34.341	0.24
707.96	4.969	34.337	0.24
705.09	4.977	34.334	0.24
702.12	4.992	34.33	0.23
699.06	5	34.329	0.23
695.89	5.003	34.33	0.23
692.62	5.016	34.327	0.23
689.85	5.04	34.325	0.23
687.38	5.047	34.325	0.23
684.71	5.054	34.323	0.23
681.44	5.061	34.324	0.23
677.59	5.076	34.325	0.23
673.63	5.08	34.317	0.24
670.46	5.095	34.316	0.23
668.29	5.1	34.316	0.23
665.81	5.121	34.314	0.23
662.55	5.139	34.313	0.24
659.18	5.154	34.311	0.24
655.92	5.171	34.306	0.24
652.45	5.18	34.306	0.24
651.76	5.186	34.305	0.24
651.96	5.183	34.306	0.24
649.58	5.199	34.309	0.24
646.22	5.23	34.308	0.24
642.56	5.257	34.301	0.24
639.09	5.263	34.31	0.25
635.53	5.272	34.31	0.25
631.87	5.29	34.306	0.25
628.6	5.292	34.304	0.25
625.24	5.301	34.3	0.25
622.47	5.303	34.299	0.25
619.99	5.302	34.297	0.25
617.52	5.321	34.293	0.25
614.75	5.336	34.293	0.26
611.98	5.346	34.292	0.26
609.6	5.355	34.293	0.26
606.63	5.374	34.291	0.26
606.93	5.376	34.29	0.26
604.85	5.376	34.289	0.26
601.88	5.399	34.286	0.26
598.71	5.427	34.286	0.27
595.84	5.462	34.285	0.27
593.17	5.477	34.285	0.28
590.5	5.48	34.285	0.28
587.23	5.472	34.28	0.28
584.06	5.479	34.28	0.28
580.9	5.53	34.286	0.28
577.63	5.56	34.286	0.29
574.46	5.57	34.284	0.3
571.49	5.564	34.281	0.29
568.92	5.629	34.281	0.3
566.05	5.65	34.285	0.31
563.08	5.687	34.285	0.31
560.01	5.723	34.282	0.32
557.04	5.756	34.279	0.32
555.85	5.789	34.275	0.32
554.56	5.81	34.271	0.32
552.19	5.866	34.266	0.34
549.41	5.918	34.262	0.36
546.64	5.959	34.259	0.38
543.97	5.994	34.255	0.38
541.2	6.022	34.253	0.38
538.33	6.041	34.251	0.39
535.45	6.056	34.252	0.39
532.48	6.08	34.249	0.4
532.39	6.088	34.246	0.4
533.08	6.084	34.248	0.4
533.18	6.082	34.245	0.4
533.08	6.075	34.246	0.4
534.07	6.072	34.249	0.4
533.97	6.078	34.248	0.4
533.57	6.078	34.246	0.4
534.46	6.071	34.249	0.4
534.66	6.066	34.249	0.4
535.65	6.061	34.248	0.4
534.37	6.071	34.249	0.4
532.39	6.094	34.247	0.4
530.8	6.104	34.248	0.4
528.42	6.104	34.247	0.41
525.45	6.098	34.246	0.41
522.38	6.113	34.245	0.41
519.81	6.141	34.244	0.42
517.43	6.15	34.243	0.42
517.83	6.15	34.244	0.42
517.93	6.15	34.243	0.42
515.75	6.16	34.241	0.42
512.78	6.172	34.238	0.43
510.11	6.182	34.241	0.43
507.14	6.206	34.242	0.44
504.56	6.221	34.24	0.45
502.09	6.235	34.237	0.45
499.21	6.255	34.236	0.46
496.74	6.271	34.233	0.46
494.06	6.28	34.234	0.47
490.99	6.297	34.234	0.47
488.12	6.3	34.233	0.48
485.05	6.301	34.233	0.48
482.08	6.302	34.235	0.48
482.08	6.303	34.234	0.48
484.06	6.304	34.234	0.48
481.49	6.303	34.234	0.48
479.21	6.303	34.233	0.48
477.23	6.313	34.235	0.48
474.65	6.321	34.231	0.48
471.19	6.388	34.23	0.49
467.72	6.422	34.227	0.52
465.05	6.43	34.228	0.52
463.26	6.437	34.229	0.53
463.06	6.447	34.225	0.53
462.57	6.452	34.225	0.53
461.78	6.46	34.224	0.53
461.68	6.465	34.222	0.54
461.68	6.471	34.221	0.54
462.17	6.471	34.221	0.54
461.38	6.475	34.222	0.54
459.3	6.486	34.222	0.55
456.92	6.493	34.221	0.55
454.45	6.504	34.221	0.56
451.97	6.516	34.219	0.56
449.2	6.532	34.217	0.58
446.72	6.543	34.215	0.58
444.34	6.555	34.214	0.59
441.87	6.561	34.213	0.59
439.29	6.568	34.212	0.6
436.12	6.572	34.215	0.6
432.85	6.584	34.212	0.6
429.39	6.595	34.211	0.61
425.13	6.611	34.21	0.62
420.07	6.648	34.206	0.63
415.22	6.698	34.202	0.66
410.66	6.723	34.2	0.68
406.3	6.743	34.198	0.69
402.04	6.755	34.198	0.7
397.68	6.792	34.198	0.71
393.62	6.832	34.193	0.73
389.16	6.859	34.188	0.75
384.61	6.887	34.189	0.77
380.35	6.921	34.185	0.79
376.18	6.945	34.186	0.8
372.12	6.989	34.18	0.82
367.66	6.998	34.183	0.83
363.6	7.032	34.193	0.84
359.34	7.049	34.203	0.85
354.88	7.094	34.204	0.86
350.02	7.14	34.192	0.89
345.07	7.187	34.191	0.92
340.11	7.24	34.189	0.95
335.06	7.278	34.182	0.97
329.81	7.34	34.172	1
324.95	7.384	34.163	1.04
320.09	7.414	34.169	1.07
315.33	7.453	34.17	1.09
310.18	7.481	34.174	1.11
304.83	7.53	34.171	1.14
298.88	7.587	34.163	1.17
293.33	7.654	34.174	1.19
288.08	7.691	34.164	1.23
282.82	7.736	34.168	1.25
277.47	7.789	34.155	1.28
271.52	7.839	34.15	1.3
266.46	7.894	34.145	1.32
261.41	7.927	34.16	1.34
256.45	7.981	34.156	1.37
251.49	8.079	34.168	1.41
246.73	8.118	34.178	1.44
241.88	8.185	34.15	1.47
236.92	8.222	34.134	1.49
231.76	8.266	34.135	1.51
227.3	8.317	34.129	1.52
223.83	8.392	34.116	1.54
222.24	8.402	34.091	1.55
219.76	8.425	34.104	1.56
218.47	8.428	34.109	1.57
218.67	8.446	34.105	1.58
220.06	8.44	34.106	1.57
219.96	8.439	34.106	1.57
218.47	8.441	34.105	1.58
216.29	8.459	34.103	1.58
213.32	8.477	34.103	1.6
210.14	8.489	34.099	1.61
207.07	8.508	34.093	1.63
203.9	8.554	34.079	1.68
200.23	8.597	34.073	1.71
196.06	8.615	34.07	1.73
191.6	8.641	34.079	1.74
186.64	8.68	34.11	1.76
180.79	8.772	34.094	1.8
174.64	8.897	34.029	1.91
169.09	8.934	34.015	1.99
162.54	8.967	33.99	2.06
155.6	8.976	33.975	2.15
150.54	9.021	33.947	2.26
146.47	9.044	33.931	2.3
142.2	9.071	33.908	2.34
137.24	9.077	33.906	2.35
132.48	9.141	33.875	2.38
126.73	9.261	33.815	2.51
120.28	9.387	33.749	2.63
114.43	9.485	33.702	2.69
109.46	9.691	33.673	2.79
104.7	9.781	33.637	2.86
100.04	9.902	33.597	2.94
95.38	10.061	33.57	3.08
90.91	10.144	33.545	3.16
85.55	10.233	33.514	3.22
79	10.541	33.419	3.37
72.75	10.906	33.416	3.53
67.49	11.526	33.246	3.66
61.64	12.015	33.266	3.87
55.88	12.338	33.171	4.19
50.82	12.933	33.019	4.47
47.15	13.262	33.11	4.97
44.07	13.538	33.098	5.22
41.09	13.783	33.058	5.46
39.51	13.958	33.024	5.55
39.01	13.911	33.038	5.57
37.82	13.912	33.039	5.56
37.12	13.982	33.035	5.61
39.41	13.877	33.04	5.57
40.2	13.843	33.045	5.54
40.2	13.87	33.044	5.55
40.2	13.824	33.046	5.53
40.2	13.809	33.047	5.53
40.1	13.834	33.044	5.53
40	13.861	33.044	5.55
38.22	13.949	33.044	5.56
35.63	14.043	33.029	5.64
33.05	14.077	33.028	5.65
30.47	14.159	33.015	5.7
28.39	14.228	33.02	5.75
25.71	14.258	33.012	5.78
22.63	14.272	33.011	5.79
19.56	14.251	33.013	5.79
16.38	14.245	33.014	5.77
13.1	14.274	33.012	5.79
12.21	14.288	33.011	5.81
13.2	14.276	33.012	5.81
13.3	14.276	33.014	5.8
8.93	14.294	33.01	5.81
2.88	14.292	32.994	5.79
