x	Yellow
350.12	8
350.48	7
350.85	4
351.21	5
351.58	8
351.94	8
352.3	15
352.67	14
353.03	13
353.4	9
353.76	7
354.12	13
354.49	12
354.85	10
355.22	6
355.58	5
355.94	11
356.31	12
356.67	9
357.03	8
357.4	11
357.76	6
358.12	9
358.49	8
358.85	9
359.22	12
359.58	12
359.94	6
360.31	7
360.67	8
361.03	14
361.4	9
361.76	6
362.12	7
362.48	11
362.85	7
363.21	11
363.57	11
363.94	10
364.3	10
364.66	13
365.03	8
365.39	7
365.75	8
366.11	5
366.48	10
366.84	6
367.2	8
367.57	9
367.93	9
368.29	11
368.65	10
369.02	10
369.38	10
369.74	9
370.1	11
370.47	3
370.83	4
371.19	5
371.55	6
371.92	9
372.28	9
372.64	13
373	9
373.37	7
373.73	10
374.09	9
374.45	5
374.81	9
375.18	11
375.54	9
375.9	7
376.26	17
376.62	11
376.99	12
377.35	13
377.71	9
378.07	9
378.43	10
378.79	8
379.16	7
379.52	8
379.88	4
380.24	7
380.6	7
380.96	9
381.33	9
381.69	9
382.05	9
382.41	5
382.77	7
383.13	10
383.49	6
383.85	8
384.22	12
384.58	7
384.94	6
385.3	10
385.66	11
386.02	8
386.38	11
386.74	11
387.1	10
387.47	8
387.83	11
388.19	4
388.55	7
388.91	8
389.27	9
389.63	10
389.99	9
390.35	9
390.71	5
391.07	7
391.43	7
391.79	12
392.15	8
392.51	10
392.88	8
393.24	8
393.6	5
393.96	9
394.32	13
394.68	13
395.04	10
395.4	7
395.76	11
396.12	11
396.48	12
396.84	13
397.2	9
397.56	9
397.92	7
398.28	10
398.64	12
399	12
399.36	12
399.72	12
400.08	8
400.44	9
400.8	9
401.16	10
401.52	7
401.87	4
402.23	11
402.59	8
402.95	9
403.31	7
403.67	8
404.03	12
404.39	8
404.75	10
405.11	9
405.47	11
405.83	8
406.19	10
406.55	11
406.91	8
407.26	6
407.62	10
407.98	10
408.34	9
408.7	10
409.06	8
409.42	13
409.78	11
410.14	9
410.49	9
410.85	12
411.21	11
411.57	7
411.93	6
412.29	10
412.65	14
413	8
413.36	9
413.72	10
414.08	6
414.44	12
414.8	15
415.16	9
415.51	4
415.87	7
416.23	11
416.59	12
416.95	10
417.3	8
417.66	9
418.02	9
418.38	8
418.74	5
419.09	4
419.45	10
419.81	12
420.17	11
420.53	6
420.88	10
421.24	7
421.6	4
421.96	9
422.31	9
422.67	7
423.03	9
423.39	10
423.74	6
424.1	12
424.46	12
424.82	13
425.17	10
425.53	8
425.89	9
426.25	7
426.6	10
426.96	9
427.32	5
427.67	7
428.03	10
428.39	13
428.75	7
429.1	9
429.46	12
429.82	11
430.17	10
430.53	9
430.89	11
431.24	13
431.6	10
431.96	14
432.31	10
432.67	11
433.03	8
433.38	4
433.74	10
434.1	12
434.45	8
434.81	6
435.17	11
435.52	9
435.88	6
436.23	10
436.59	12
436.95	7
437.3	12
437.66	9
438.02	6
438.37	5
438.73	7
439.08	8
439.44	10
439.8	9
440.15	5
440.51	11
440.86	9
441.22	12
441.57	9
441.93	9
442.29	9
442.64	11
443	11
443.35	11
443.71	9
444.06	9
444.42	12
444.77	10
445.13	7
445.49	10
445.84	8
446.2	9
446.55	9
446.91	11
447.26	8
447.62	8
447.97	12
448.33	9
448.68	8
449.04	9
449.39	9
449.75	9
450.1	10
450.46	9
450.81	12
451.17	7
451.52	7
451.88	8
452.23	11
452.58	12
452.94	14
453.29	9
453.65	10
454	7
454.36	11
454.71	8
455.07	8
455.42	9
455.78	10
456.13	9
456.48	10
456.84	7
457.19	6
457.55	9
457.9	14
458.25	4
458.61	8
458.96	8
459.32	7
459.67	11
460.02	9
460.38	7
460.73	7
461.09	6
461.44	9
461.79	6
462.15	10
462.5	11
462.85	11
463.21	13
463.56	7
463.91	10
464.27	10
464.62	6
464.97	7
465.33	11
465.68	11
466.03	11
466.39	13
466.74	10
467.09	9
467.45	11
467.8	9
468.15	16
468.51	12
468.86	8
469.21	6
469.57	9
469.92	11
470.27	9
470.62	7
470.98	7
471.33	5
471.68	12
472.03	10
472.39	5
472.74	12
473.09	11
473.45	11
473.8	8
474.15	9
474.5	8
474.85	8
475.21	8
475.56	11
475.91	9
476.26	6
476.62	8
476.97	6
477.32	7
477.67	6
478.02	5
478.38	12
478.73	5
479.08	12
479.43	11
479.78	9
480.14	8
480.49	10
480.84	8
481.19	8
481.54	5
481.89	10
482.25	10
482.6	5
482.95	9
483.3	13
483.65	11
484	12
484.35	9
484.71	7
485.06	10
485.41	11
485.76	10
486.11	11
486.46	11
486.81	9
487.16	7
487.52	13
487.87	8
488.22	8
488.57	15
488.92	14
489.27	13
489.62	9
489.97	8
490.32	8
490.67	6
491.02	9
491.37	9
491.73	10
492.08	11
492.43	7
492.78	6
493.13	10
493.48	11
493.83	10
494.18	8
494.53	12
494.88	7
495.23	4
495.58	11
495.93	10
496.28	14
496.63	11
496.98	13
497.33	11
497.68	10
498.03	15
498.38	12
498.73	10
499.08	10
499.43	10
499.78	11
500.13	11
500.48	9
500.83	10
501.18	12
501.53	13
501.88	9
502.23	7
502.58	11
502.92	7
503.27	12
503.62	12
503.97	8
504.32	10
504.67	11
505.02	9
505.37	11
505.72	13
506.07	13
506.42	12
506.77	10
507.11	13
507.46	12
507.81	12
508.16	7
508.51	7
508.86	11
509.21	10
509.56	11
509.9	10
510.25	10
510.6	10
510.95	10
511.3	8
511.65	9
512	12
512.34	9
512.69	13
513.04	12
513.39	11
513.74	11
514.09	11
514.43	15
514.78	13
515.13	13
515.48	14
515.83	16
516.17	17
516.52	18
516.87	15
517.22	13
517.57	13
517.91	16
518.26	13
518.61	14
518.96	16
519.3	17
519.65	17
520	16
520.35	17
520.69	20
521.04	18
521.39	16
521.74	22
522.08	23
522.43	24
522.78	27
523.12	25
523.47	21
523.82	31
524.17	27
524.51	34
524.86	36
525.21	30
525.55	34
525.9	33
526.25	31
526.59	39
526.94	37
527.29	38
527.63	41
527.98	42
528.33	44
528.67	45
529.02	49
529.37	53
529.71	49
530.06	60
530.41	64
530.75	64
531.1	72
531.45	74
531.79	69
532.14	80
532.48	85
532.83	81
533.18	91
533.52	95
533.87	107
534.21	100
534.56	112
534.91	124
535.25	118
535.6	135
535.94	132
536.29	132
536.64	151
536.98	160
537.33	154
537.67	177
538.02	185
538.36	194
538.71	209
539.05	220
539.4	220
539.74	240
540.09	253
540.44	278
540.78	284
541.13	302
541.47	323
541.82	331
542.16	345
542.51	378
542.85	401
543.2	415
543.54	424
543.89	463
544.23	493
544.58	511
544.92	534
545.26	563
545.61	617
545.95	653
546.3	688
546.64	704
546.99	767
547.33	811
547.68	852
548.02	877
548.37	963
548.71	1006
549.05	1068
549.4	1142
549.74	1220
550.09	1271
550.43	1336
550.77	1442
551.12	1518
551.46	1636
551.81	1724
552.15	1836
552.49	1919
552.84	1979
553.18	2129
553.53	2247
553.87	2286
554.21	2400
554.56	2487
554.9	2547
555.24	2650
555.59	2725
555.93	2786
556.27	2880
556.62	2902
556.96	2988
557.3	3044
557.65	3090
557.99	3140
558.33	3161
558.68	3195
559.02	3288
559.36	3269
559.71	3318
560.05	3326
560.39	3371
560.74	3365
561.08	3366
561.42	3354
561.76	3388
562.11	3389
562.45	3414
562.79	3419
563.14	3441
563.48	3429
563.82	3467
564.16	3480
564.51	3511
564.85	3520
565.19	3530
565.53	3535
565.88	3559
566.22	3554
566.56	3529
566.9	3481
567.24	3486
567.59	3467
567.93	3436
568.27	3386
568.61	3349
568.95	3289
569.3	3248
569.64	3202
569.98	3146
570.32	3103
570.66	3058
571.01	2993
571.35	2913
571.69	2884
572.03	2830
572.37	2745
572.71	2721
573.05	2625
573.4	2582
573.74	2511
574.08	2482
574.42	2400
574.76	2334
575.1	2323
575.44	2252
575.79	2216
576.13	2181
576.47	2107
576.81	2099
577.15	2055
577.49	2019
577.83	1992
578.17	1935
578.51	1945
578.85	1864
579.19	1875
579.54	1824
579.88	1804
580.22	1764
580.56	1727
580.9	1704
581.24	1642
581.58	1649
581.92	1596
582.26	1588
582.6	1554
582.94	1501
583.28	1461
583.62	1465
583.96	1400
584.3	1401
584.64	1352
584.98	1375
585.32	1309
585.66	1288
586	1259
586.34	1236
586.68	1196
587.02	1173
587.36	1143
587.7	1125
588.04	1106
588.38	1091
588.72	1062
589.06	1038
589.4	1007
589.74	986
590.08	977
590.42	949
590.76	948
591.1	916
591.43	901
591.77	900
592.11	875
592.45	839
592.79	837
593.13	828
593.47	801
593.81	791
594.15	776
594.49	755
594.83	748
595.16	732
595.5	715
595.84	711
596.18	681
596.52	676
596.86	676
597.2	641
597.53	642
597.87	623
598.21	602
598.55	626
598.89	587
599.23	584
599.57	562
599.9	561
600.24	548
600.58	534
600.92	529
601.26	527
601.59	500
601.93	503
602.27	503
602.61	478
602.95	474
603.28	461
603.62	442
603.96	433
604.3	448
604.63	435
604.97	417
605.31	409
605.65	399
605.98	384
606.32	394
606.66	386
607	368
607.33	366
607.67	354
608.01	350
608.35	348
608.68	344
609.02	319
609.36	327
609.69	313
610.03	312
610.37	307
610.71	293
611.04	290
611.38	296
611.72	281
612.05	283
612.39	269
612.73	277
613.06	260
613.4	252
613.74	256
614.07	242
614.41	243
614.75	242
615.08	232
615.42	226
615.75	223
616.09	228
616.43	222
616.76	210
617.1	201
617.44	212
617.77	193
618.11	197
618.44	190
618.78	179
619.11	188
619.45	183
619.79	187
620.12	178
620.46	174
620.79	181
621.13	172
621.46	159
621.8	159
622.14	164
622.47	150
622.81	159
623.14	153
623.48	146
623.81	148
624.15	145
624.48	140
624.82	128
625.15	138
625.49	130
625.82	129
626.16	129
626.49	121
626.83	121
627.16	130
627.5	116
627.83	118
628.17	109
628.5	111
628.84	114
629.17	108
629.51	108
629.84	114
630.17	97
630.51	102
630.84	95
631.18	94
631.51	95
631.85	91
632.18	96
632.52	91
632.85	89
633.18	90
633.52	84
633.85	86
634.19	82
634.52	85
634.85	88
635.19	77
635.52	79
635.85	74
636.19	80
636.52	76
636.86	70
637.19	73
637.52	70
637.86	66
638.19	74
638.52	72
638.86	70
639.19	63
639.52	60
639.86	61
640.19	63
640.52	64
640.86	62
641.19	58
641.52	60
641.85	62
642.19	58
642.52	54
642.85	54
643.19	55
643.52	57
643.85	62
644.18	56
644.52	59
644.85	50
645.18	45
645.51	56
645.85	51
646.18	47
646.51	50
646.84	41
647.18	50
647.51	51
647.84	50
648.17	45
648.5	42
648.84	49
649.17	48
649.5	44
649.83	44
650.16	46
650.5	41
650.83	46
651.16	44
651.49	46
651.82	43
652.16	42
652.49	39
652.82	42
653.15	42
653.48	45
653.81	34
654.14	37
654.48	41
654.81	36
655.14	37
655.47	40
655.8	35
656.13	37
656.46	31
656.79	37
657.12	41
657.46	42
657.79	34
658.12	37
658.45	33
658.78	35
659.11	36
659.44	37
659.77	35
660.1	41
660.43	33
660.76	34
661.09	33
661.42	29
661.75	32
662.08	35
662.41	33
662.74	29
663.07	33
663.4	28
663.73	30
664.06	30
664.39	37
664.72	28
665.05	33
665.38	36
665.71	30
666.04	29
666.37	34
666.7	25
667.03	27
667.36	32
667.69	39
668.02	26
668.35	29
668.68	26
669.01	32
669.34	27
669.67	26
670	30
670.33	25
670.66	26
670.99	25
671.31	26
671.64	25
671.97	24
672.3	21
672.63	27
672.96	24
673.29	29
673.62	26
673.95	25
674.27	23
674.6	25
674.93	29
675.26	27
675.59	28
675.92	25
676.25	24
676.57	28
676.9	24
677.23	20
677.56	27
677.89	21
678.22	24
678.54	26
678.87	23
679.2	24
679.53	24
679.86	23
680.18	26
680.51	27
680.84	21
681.17	24
681.49	20
681.82	19
682.15	28
682.48	29
682.8	24
683.13	22
683.46	26
683.79	18
684.11	22
684.44	20
684.77	26
685.1	23
685.42	24
685.75	22
686.08	19
686.4	23
686.73	25
687.06	25
687.39	24
687.71	23
688.04	20
688.37	22
688.69	24
689.02	20
689.35	18
689.67	21
690	24
690.33	18
690.65	21
690.98	23
691.3	24
691.63	26
691.96	24
692.28	21
692.61	21
692.94	26
693.26	18
693.59	21
693.91	18
694.24	24
694.57	20
694.89	22
695.22	23
695.54	19
695.87	22
696.19	18
696.52	20
696.85	23
697.17	23
697.5	21
697.82	23
698.15	22
698.47	19
698.8	20
699.12	19
699.45	22
699.77	17
700.1	21
700.42	18
700.75	22
701.07	20
701.4	20
701.72	19
702.05	20
702.37	13
702.7	16
703.02	17
703.35	9
703.67	14
704	21
704.32	17
704.65	15
704.97	13
705.3	15
705.62	20
705.94	18
706.27	19
706.59	17
706.92	20
707.24	17
707.56	19
707.89	16
708.21	12
708.54	19
708.86	14
709.18	19
709.51	18
709.83	16
710.16	19
710.48	23
710.8	24
711.13	13
711.45	15
711.77	13
712.1	16
712.42	14
712.74	13
713.07	16
713.39	20
713.71	17
714.04	14
714.36	17
714.68	16
715.01	15
715.33	15
715.65	16
715.97	13
716.3	9
716.62	16
716.94	17
717.27	17
717.59	15
717.91	16
718.23	18
718.56	14
718.88	16
719.2	17
719.52	19
719.85	12
720.17	14
720.49	15
720.81	15
721.13	12
721.46	13
721.78	15
722.1	11
722.42	14
722.74	20
723.07	14
723.39	12
723.71	8
724.03	14
724.35	12
724.68	12
725	12
725.32	14
725.64	18
725.96	13
726.28	19
726.6	17
726.93	10
727.25	9
727.57	9
727.89	12
728.21	15
728.53	16
728.85	14
729.17	12
729.49	12
729.82	16
730.14	15
730.46	15
730.78	13
731.1	12
731.42	9
731.74	9
732.06	10
732.38	13
732.7	16
733.02	15
733.34	14
733.66	8
733.98	11
734.3	16
734.62	14
734.94	13
735.26	11
735.58	11
735.9	11
736.22	14
736.54	11
736.86	15
737.18	10
737.5	13
737.82	12
738.14	15
738.46	13
738.78	14
739.1	8
739.42	12
739.74	16
740.06	12
740.38	10
740.7	12
741.02	10
741.34	10
741.66	12
741.97	12
742.29	10
742.61	9
742.93	13
743.25	9
743.57	10
743.89	8
744.21	8
744.53	10
744.84	12
745.16	9
745.48	11
745.8	14
746.12	8
746.44	11
746.76	18
747.07	13
747.39	8
747.71	9
748.03	9
748.35	12
748.67	13
748.98	7
749.3	5
749.62	6
749.94	6
750.25	11
750.57	11
750.89	9
751.21	10
751.53	16
751.84	12
752.16	13
752.48	16
752.8	13
753.11	5
753.43	17
753.75	9
754.07	11
754.38	9
754.7	15
755.02	12
755.33	13
755.65	9
755.97	5
756.29	6
756.6	7
756.92	8
757.24	6
757.55	9
757.87	10
758.19	6
758.5	8
758.82	10
759.14	9
759.45	11
759.77	11
760.09	7
760.4	9
760.72	7
761.03	6
761.35	8
761.67	9
761.98	11
762.3	11
762.61	10
762.93	10
763.25	11
763.56	9
763.88	10
764.19	6
764.51	5
764.83	10
765.14	8
765.46	9
765.77	11
766.09	10
766.4	8
766.72	9
767.03	8
767.35	4
767.66	9
767.98	7
768.29	9
768.61	12
768.92	9
769.24	7
769.55	10
769.87	8
770.18	11
770.5	11
770.81	6
771.13	8
771.44	9
771.76	8
772.07	8
772.39	9
772.7	8
773.02	7
773.33	8
773.64	9
773.96	9
774.27	5
774.59	12
774.9	10
775.22	6
775.53	10
775.84	12
776.16	11
776.47	8
776.79	7
777.1	10
777.41	9
777.73	5
778.04	10
778.35	7
778.67	9
778.98	10
779.29	6
779.61	8
779.92	8
780.23	11
780.55	7
780.86	5
781.17	11
781.49	10
781.8	8
782.11	9
782.43	8
782.74	9
783.05	7
783.36	7
783.68	9
783.99	8
784.3	8
784.62	6
784.93	9
785.24	1
785.55	6
785.87	11
786.18	12
786.49	7
786.8	8
787.11	7
787.43	6
787.74	10
788.05	10
788.36	9
788.67	7
788.99	9
789.3	13
789.61	9
789.92	6
790.23	6
790.55	6
790.86	6
791.17	8
791.48	10
791.79	9
792.1	8
792.41	9
792.73	12
793.04	11
793.35	11
793.66	5
793.97	10
794.28	10
794.59	11
794.9	9
795.21	10
795.53	10
795.84	9
796.15	10
796.46	10
796.77	7
797.08	13
797.39	7
797.7	9
798.01	10
798.32	10
798.63	8
798.94	6
799.25	6
799.56	5
799.87	6
800.18	10
800.49	8
800.8	8
801.11	8
801.42	6
801.73	14
802.04	7
802.35	5
802.66	7
802.97	9
803.28	8
803.59	8
803.9	10
804.21	11
804.52	10
804.83	6
805.14	8
805.45	9
805.76	7
806.07	8
806.38	9
806.68	10
806.99	5
807.3	12
807.61	14
807.92	10
808.23	10
808.54	7
808.85	10
809.16	8
809.46	9
809.77	8
810.08	6
810.39	10
810.7	10
811.01	10
811.32	10
811.62	7
811.93	9
812.24	8
812.55	12
812.86	11
813.16	11
813.47	13
813.78	6
814.09	5
814.4	12
814.7	4
815.01	6
815.32	8
815.63	9
815.93	14
816.24	13
816.55	10
816.86	6
817.16	2
817.47	8
817.78	14
818.09	11
818.39	8
818.7	8
819.01	10
819.31	10
819.62	8
819.93	6
820.24	9
820.54	7
820.85	3
821.16	5
821.46	9
821.77	10
822.08	7
822.38	8
822.69	9
822.99	13
823.3	7
823.61	10
823.91	12
824.22	7
824.53	8
824.83	6
825.14	10
825.44	4
825.75	6
826.06	5
826.36	10
826.67	7
826.97	8
827.28	5
827.59	7
827.89	4
828.2	5
828.5	8
828.81	8
829.11	10
829.42	8
829.72	8
830.03	7
830.33	8
830.64	7
830.94	8
831.25	10
831.55	14
831.86	6
832.16	6
832.47	7
832.77	7
833.08	7
833.38	7
833.69	10
833.99	6
834.3	7
834.6	7
834.91	6
835.21	8
835.51	6
835.82	5
836.12	6
836.43	10
836.73	7
837.04	7
837.34	6
837.64	7
837.95	6
838.25	10
838.56	8
838.86	7
839.16	6
839.47	5
839.77	8
840.07	6
840.38	6
840.68	9
840.98	4
841.29	1
841.59	6
841.89	7
842.2	10
842.5	8
842.8	9
843.11	10
843.41	7
843.71	10
844.02	10
844.32	5
844.62	13
844.92	7
845.23	8
845.53	8
845.83	8
846.13	5
846.44	6
846.74	6
847.04	11
847.34	11
847.65	8
847.95	6
848.25	6
848.55	6
848.85	6
849.16	9
849.46	8
849.76	7
850.06	12
850.36	5
850.67	9
850.97	10
